timestamp,time,open,high,low,close,volume
1745560800000,1745560800000,0.0133,0.01374,0.01305,0.01345,18353740.0
1745582400000,1745582400000,0.01345,0.0138,0.01217,0.01254,76564830.0
1745604000000,1745604000000,0.01254,0.01322,0.01243,0.01268,30227860.0
1745625600000,1745625600000,0.01268,0.01291,0.01229,0.0128,17640020.0
1745647200000,1745647200000,0.0128,0.01342,0.01269,0.01295,23515480.0
1745668800000,1745668800000,0.01295,0.01332,0.01273,0.01306,22373140.0
1745690400000,1745690400000,0.01306,0.01308,0.01249,0.01263,22823370.0
1745712000000,1745712000000,0.01263,0.01274,0.01206,0.01222,22334220.0
1745733600000,1745733600000,0.01222,0.01325,0.01214,0.01276,38159460.0
1745755200000,1745755200000,0.01276,0.01411,0.01221,0.01341,72094440.0
1745776800000,1745776800000,0.01341,0.01352,0.01247,0.01295,26245320.0
1745798400000,1745798400000,0.01295,0.01301,0.01222,0.01278,19386840.0
1745820000000,1745820000000,0.01278,0.01305,0.0127,0.01287,10558800.0
1745841600000,1745841600000,0.01287,0.01353,0.01246,0.01271,16297530.0
1745863200000,1745863200000,0.01271,0.01307,0.01252,0.01291,17959920.0
1745884800000,1745884800000,0.01291,0.01292,0.01247,0.01252,10148400.0
1745906400000,1745906400000,0.01252,0.01279,0.01233,0.01256,9154610.0
1745928000000,1745928000000,0.01256,0.01324,0.01214,0.01236,67346760.0
1745949600000,1745949600000,0.01236,0.01254,0.0121,0.0122,9939140.0
1745971200000,1745971200000,0.0122,0.01254,0.01212,0.01227,7388680.0
1745992800000,1745992800000,0.01227,0.01247,0.0122,0.01239,3777170.0
1746014400000,1746014400000,0.01239,0.01246,0.01187,0.0122,11374630.0
1746036000000,1746036000000,0.0122,0.01231,0.01211,0.01215,3515610.0
1746057600000,1746057600000,0.01215,0.01226,0.01207,0.01222,4527640.0
1746079200000,1746079200000,0.01222,0.01284,0.01207,0.01232,42614590.0
1746100800000,1746100800000,0.01232,0.01258,0.01227,0.01232,9855140.0
1746122400000,1746122400000,0.01232,0.01246,0.01215,0.01222,4977920.0
1746144000000,1746144000000,0.01222,0.01231,0.01192,0.01199,7064550.0
1746165600000,1746165600000,0.01199,0.01222,0.01195,0.01221,11316760.0
1746187200000,1746187200000,0.01221,0.01239,0.01216,0.01232,16521640.0
1746208800000,1746208800000,0.01232,0.01241,0.01216,0.01221,11341230.0
1746230400000,1746230400000,0.01221,0.01221,0.01199,0.01204,11723780.0
1746252000000,1746252000000,0.01204,0.01209,0.01182,0.01187,12879710.0
1746273600000,1746273600000,0.01187,0.0121,0.01168,0.01173,16391890.0
1746295200000,1746295200000,0.01173,0.0122,0.0117,0.01214,16078270.0
1746316800000,1746316800000,0.01214,0.01215,0.01165,0.01178,12428720.0
1746338400000,1746338400000,0.01178,0.01196,0.01154,0.01183,15576470.0
1746360000000,1746360000000,0.01183,0.01183,0.01143,0.0115,11888600.0
1746381600000,1746381600000,0.0115,0.0116,0.01136,0.01137,10162010.0
1746403200000,1746403200000,0.01137,0.01145,0.01104,0.01135,18689410.0
1746424800000,1746424800000,0.01135,0.01145,0.01119,0.01132,14055020.0
1746446400000,1746446400000,0.01132,0.01135,0.01115,0.01132,7615520.0
1746468000000,1746468000000,0.01132,0.01139,0.01118,0.01124,4307230.0
1746489600000,1746489600000,0.01124,0.01137,0.01119,0.01126,5515870.0
1746511200000,1746511200000,0.01126,0.0113,0.01033,0.01039,20574260.0
1746532800000,1746532800000,0.01039,0.01066,0.01038,0.01055,9278750.0
1746554400000,1746554400000,0.01055,0.0108,0.01045,0.01068,7995930.0
1746576000000,1746576000000,0.01068,0.01088,0.01062,0.01063,11655170.0
1746597600000,1746597600000,0.01063,0.01075,0.01048,0.01054,10643090.0
1746619200000,1746619200000,0.01054,0.01062,0.01002,0.01008,12199340.0
1746640800000,1746640800000,0.01008,0.01033,0.00996,0.01021,16296630.0
1746662400000,1746662400000,0.01021,0.01092,0.01021,0.01091,12703710.0
1746684000000,1746684000000,0.01091,0.01124,0.01084,0.01091,10706550.0
1746705600000,1746705600000,0.01091,0.0112,0.01083,0.01103,7508180.0
1746727200000,1746727200000,0.01103,0.01211,0.01099,0.01158,24524600.0
1746748800000,1746748800000,0.01158,0.01165,0.01134,0.01148,4960430.0
1746770400000,1746770400000,0.01148,0.01193,0.01147,0.01184,8985130.0
1746792000000,1746792000000,0.01184,0.01196,0.01149,0.01195,5931320.0
1746813600000,1746813600000,0.01195,0.01198,0.01176,0.0118,5284360.0
1746835200000,1746835200000,0.0118,0.01213,0.01175,0.01198,4460480.0
1746856800000,1746856800000,0.01198,0.01219,0.01174,0.01178,11507140.0
1746878400000,1746878400000,0.01178,0.01211,0.01169,0.0119,24683350.0
1746900000000,1746900000000,0.0119,0.01232,0.01185,0.01225,13562440.0
1746921600000,1746921600000,0.01225,0.0123,0.01177,0.01189,29082170.0
1746943200000,1746943200000,0.01189,0.01235,0.01179,0.01225,21659270.0
1746964800000,1746964800000,0.01225,0.01233,0.01194,0.0121,18847680.0
1746986400000,1746986400000,0.0121,0.01233,0.01208,0.01223,7283740.0
1747008000000,1747008000000,0.01223,0.01247,0.01218,0.01228,12858090.0
1747029600000,1747029600000,0.01228,0.01319,0.01227,0.01255,41062560.0
1747051200000,1747051200000,0.01255,0.01309,0.01216,0.0122,25078370.0
1747072800000,1747072800000,0.0122,0.01239,0.0112,0.01186,30466770.0
1747094400000,1747094400000,0.01186,0.01284,0.01143,0.01169,15298750.0
1747116000000,1747116000000,0.01169,0.01184,0.0116,0.01176,6602330.0
1747137600000,1747137600000,0.01176,0.01192,0.01157,0.01182,15910410.0
1747159200000,1747159200000,0.01182,0.01208,0.01173,0.01187,85110870.0
1747180800000,1747180800000,0.01187,0.01233,0.01187,0.01222,13187130.0
1747202400000,1747202400000,0.01222,0.01269,0.01214,0.01224,21960270.0
1747224000000,1747224000000,0.01224,0.01279,0.01185,0.01199,33698030.0
1747245600000,1747245600000,0.01199,0.01216,0.01186,0.01205,12069320.0
1747267200000,1747267200000,0.01205,0.01217,0.01163,0.01185,21741490.0
1747288800000,1747288800000,0.01185,0.01193,0.01129,0.01146,19706350.0
1747310400000,1747310400000,0.01146,0.01178,0.01096,0.01141,45871690.0
1747332000000,1747332000000,0.01141,0.01148,0.01121,0.01138,74097600.0
1747353600000,1747353600000,0.01138,0.01173,0.01134,0.01163,16371000.0
1747375200000,1747375200000,0.01163,0.01193,0.01153,0.01187,23251640.0
1747396800000,1747396800000,0.01187,0.01263,0.01175,0.01202,39021930.0
1747418400000,1747418400000,0.01202,0.01215,0.01183,0.01206,15531070.0
1747440000000,1747440000000,0.01206,0.01294,0.01166,0.01267,63550630.0
1747461600000,1747461600000,0.01267,0.01353,0.01255,0.0134,266142760.0
1747483200000,1747483200000,0.0134,0.01578,0.01325,0.01351,1247838550.0
1747504800000,1747504800000,0.01351,0.0139,0.01301,0.01318,158257110.0
1747526400000,1747526400000,0.01318,0.01439,0.01311,0.01393,201308710.0
1747548000000,1747548000000,0.01393,0.01495,0.01363,0.01466,133961530.0
1747569600000,1747569600000,0.01466,0.01491,0.0132,0.01326,159565260.0
1747591200000,1747591200000,0.01326,0.01474,0.01315,0.01406,151597620.0
1747612800000,1747612800000,0.01406,0.01413,0.01316,0.01326,36753720.0
1747634400000,1747634400000,0.01326,0.01349,0.01275,0.01291,33839150.0
1747656000000,1747656000000,0.01291,0.01458,0.0128,0.01336,101114890.0
1747677600000,1747677600000,0.01336,0.01341,0.01317,0.01327,7945410.0
1747699200000,1747699200000,0.01327,0.01355,0.01305,0.01336,14823890.0
1747720800000,1747720800000,0.01336,0.01363,0.01299,0.0131,13166680.0
1747742400000,1747742400000,0.0131,0.01395,0.01237,0.01252,50212020.0
1747764000000,1747764000000,0.01252,0.01282,0.01237,0.01272,12030970.0
1747785600000,1747785600000,0.01272,0.01286,0.01257,0.01279,7433260.0
1747807200000,1747807200000,0.01279,0.01284,0.01239,0.01263,13163540.0
1747828800000,1747828800000,0.01263,0.01345,0.01248,0.01273,42349750.0
1747850400000,1747850400000,0.01273,0.01301,0.01264,0.01285,5530540.0
1747872000000,1747872000000,0.01285,0.01302,0.01281,0.01291,8818670.0
1747893600000,1747893600000,0.01291,0.01332,0.01283,0.01288,9815270.0
1747915200000,1747915200000,0.01288,0.01348,0.01288,0.01314,123522630.0
1747936800000,1747936800000,0.01314,0.01326,0.0126,0.01284,10470450.0
1747958400000,1747958400000,0.01284,0.01301,0.01269,0.01286,9173060.0
1747980000000,1747980000000,0.01286,0.01302,0.01266,0.01285,13651780.0
1748001600000,1748001600000,0.01285,0.0138,0.01285,0.01321,83477910.0
1748023200000,1748023200000,0.01321,0.01334,0.01269,0.01286,29834210.0
1748044800000,1748044800000,0.01286,0.01421,0.01274,0.0139,99342180.0
1748066400000,1748066400000,0.0139,0.0141,0.01018,0.01165,676765430.0
1748088000000,1748088000000,0.01165,0.01247,0.01104,0.01231,209990300.0
1748109600000,1748109600000,0.01231,0.01388,0.01144,0.01323,260065460.0
1748131200000,1748131200000,0.01323,0.01423,0.01241,0.01324,217851810.0
1748152800000,1748152800000,0.01324,0.01331,0.01144,0.01166,138657370.0
1748174400000,1748174400000,0.01166,0.01238,0.01107,0.01185,139706830.0
1748196000000,1748196000000,0.01185,0.01231,0.0113,0.01143,75694000.0
1748217600000,1748217600000,0.01143,0.01194,0.01143,0.01167,65224880.0
1748239200000,1748239200000,0.01167,0.01172,0.01128,0.01136,52661540.0
1748260800000,1748260800000,0.01136,0.01147,0.01105,0.01115,44589760.0
1748282400000,1748282400000,0.01115,0.01116,0.01084,0.01097,47105460.0
1748304000000,1748304000000,0.01097,0.01097,0.01053,0.01084,59419360.0
1748325600000,1748325600000,0.01084,0.01104,0.01083,0.01098,31597290.0
1748347200000,1748347200000,0.01098,0.01113,0.01085,0.01103,42960230.0
1748368800000,1748368800000,0.01103,0.01129,0.01098,0.01102,113174180.0
1748390400000,1748390400000,0.01102,0.01106,0.01083,0.01096,33535630.0
1748412000000,1748412000000,0.01096,0.01103,0.01088,0.01094,14672200.0
1748433600000,1748433600000,0.01094,0.01114,0.01072,0.01089,35703680.0
1748455200000,1748455200000,0.01089,0.01091,0.01064,0.01074,36849680.0
1748476800000,1748476800000,0.01074,0.01126,0.01069,0.01098,41993510.0
1748498400000,1748498400000,0.01098,0.01124,0.0109,0.01121,26731950.0
1748520000000,1748520000000,0.01121,0.01219,0.0111,0.01137,108239510.0
1748541600000,1748541600000,0.01137,0.01153,0.01084,0.01097,24870690.0
1748563200000,1748563200000,0.01097,0.01101,0.01058,0.0107,23959820.0
1748584800000,1748584800000,0.0107,0.01083,0.01036,0.01045,33012670.0
1748606400000,1748606400000,0.01045,0.01082,0.01015,0.01027,73938100.0
1748628000000,1748628000000,0.01027,0.01034,0.00908,0.00918,49800460.0
1748649600000,1748649600000,0.00918,0.0093,0.00893,0.00918,35671080.0
1748671200000,1748671200000,0.00918,0.00925,0.00813,0.00869,58754980.0
1748692800000,1748692800000,0.00869,0.00887,0.0086,0.00864,24776020.0
1748714400000,1748714400000,0.00864,0.0088,0.0086,0.00878,13161170.0
1748736000000,1748736000000,0.00878,0.00894,0.00865,0.00892,11845800.0
1748757600000,1748757600000,0.00892,0.00895,0.00875,0.00884,7988640.0
1748779200000,1748779200000,0.00884,0.00894,0.00869,0.00882,16002290.0
1748800800000,1748800800000,0.00882,0.00888,0.00871,0.00881,5284550.0
1748822400000,1748822400000,0.00881,0.00883,0.00866,0.00876,10043140.0
1748844000000,1748844000000,0.00876,0.00939,0.00874,0.00906,37788020.0
1748865600000,1748865600000,0.00906,0.01038,0.00904,0.01028,272688720.0
1748887200000,1748887200000,0.01028,0.01065,0.00861,0.00902,211269630.0
1748908800000,1748908800000,0.00902,0.00943,0.00897,0.00922,90187150.0
1748930400000,1748930400000,0.00922,0.00942,0.00911,0.00926,25827400.0
1748952000000,1748952000000,0.00926,0.00966,0.00915,0.00919,39167530.0
1748973600000,1748973600000,0.00919,0.00927,0.00891,0.00905,23323980.0
1748995200000,1748995200000,0.00905,0.00916,0.00899,0.00906,17338850.0
1749016800000,1749016800000,0.00906,0.0091,0.00889,0.00897,21273170.0
1749038400000,1749038400000,0.00897,0.00954,0.00892,0.00934,80724970.0
1749060000000,1749060000000,0.00934,0.00972,0.00923,0.00934,110723400.0
1749081600000,1749081600000,0.00934,0.00986,0.00907,0.00972,83339250.0
1749103200000,1749103200000,0.00972,0.01032,0.00954,0.00982,497974880.0
1749124800000,1749124800000,0.00982,0.01002,0.00925,0.00926,178679470.0
1749146400000,1749146400000,0.00926,0.00962,0.00861,0.00897,96254880.0
1749168000000,1749168000000,0.00897,0.00981,0.00884,0.00946,110981750.0
1749189600000,1749189600000,0.00946,0.0098,0.00923,0.0097,80118900.0
1749211200000,1749211200000,0.0097,0.00994,0.00935,0.00942,62406390.0
1749232800000,1749232800000,0.00942,0.0096,0.00915,0.00934,30166220.0
1749254400000,1749254400000,0.00934,0.00957,0.00907,0.0094,88030460.0
1749276000000,1749276000000,0.0094,0.00943,0.00871,0.00934,227452370.0
1749297600000,1749297600000,0.00934,0.00976,0.00911,0.00947,96035010.0
1749319200000,1749319200000,0.00947,0.00958,0.00938,0.00944,14582290.0
1749340800000,1749340800000,0.00944,0.00964,0.00925,0.00952,35531320.0
1749362400000,1749362400000,0.00952,0.00964,0.0093,0.00948,27508920.0
1749384000000,1749384000000,0.00948,0.00958,0.00935,0.00948,77063210.0
1749405600000,1749405600000,0.00948,0.00956,0.00918,0.00928,32606850.0
1749427200000,1749427200000,0.00928,0.00928,0.00896,0.00899,27277950.0
1749448800000,1749448800000,0.00899,0.00932,0.00895,0.00922,33338740.0
1749470400000,1749470400000,0.00922,0.00934,0.00906,0.0092,30105490.0
1749492000000,1749492000000,0.0092,0.00948,0.00916,0.00937,14558880.0
1749513600000,1749513600000,0.00937,0.00948,0.00918,0.00935,29685460.0
1749535200000,1749535200000,0.00935,0.00951,0.00916,0.00933,29203140.0
1749556800000,1749556800000,0.00933,0.00942,0.00915,0.00923,22849770.0
1749578400000,1749578400000,0.00923,0.00933,0.00917,0.00926,7883640.0
1749600000000,1749600000000,0.00926,0.00927,0.00904,0.00909,11440690.0
1749621600000,1749621600000,0.00909,0.00912,0.00893,0.009,13852610.0
1749643200000,1749643200000,0.009,0.00925,0.00877,0.00893,50324270.0
1749664800000,1749664800000,0.00893,0.00904,0.00864,0.00871,48550310.0
1749686400000,1749686400000,0.00871,0.00875,0.0085,0.00859,26340150.0
1749708000000,1749708000000,0.00859,0.00862,0.00847,0.00852,23906850.0
1749729600000,1749729600000,0.00852,0.00872,0.00813,0.00823,36502250.0
1749751200000,1749751200000,0.00823,0.00824,0.00769,0.00785,485111920.0
1749772800000,1749772800000,0.00785,0.00787,0.0071,0.0073,78042210.0
1749794400000,1749794400000,0.0073,0.00738,0.00712,0.00718,17567540.0
1749816000000,1749816000000,0.00718,0.00753,0.00711,0.00744,97252540.0
1749837600000,1749837600000,0.00744,0.00755,0.00732,0.00747,17556510.0
1749859200000,1749859200000,0.00747,0.00773,0.00742,0.00761,17227640.0
1749880800000,1749880800000,0.00761,0.00762,0.00749,0.00753,8796990.0
1749902400000,1749902400000,0.00753,0.00803,0.00752,0.00794,112272350.0
1749924000000,1749924000000,0.00794,0.00856,0.0079,0.00842,278793480.0
1749945600000,1749945600000,0.00842,0.00844,0.00794,0.00806,105151530.0
1749967200000,1749967200000,0.00806,0.00806,0.00764,0.0079,43181970.0
1749988800000,1749988800000,0.0079,0.00822,0.0078,0.00792,47466020.0
1750010400000,1750010400000,0.00792,0.00793,0.0077,0.0078,16518250.0
1750032000000,1750032000000,0.0078,0.0078,0.00752,0.00773,24086130.0
1750053600000,1750053600000,0.00773,0.00786,0.00767,0.00772,14916920.0
1750075200000,1750075200000,0.00772,0.0079,0.00764,0.00776,16485320.0
1750096800000,1750096800000,0.00776,0.00787,0.00747,0.00749,18588190.0
1750118400000,1750118400000,0.00749,0.00753,0.00735,0.00744,23267280.0
1750140000000,1750140000000,0.00744,0.00747,0.00718,0.00727,25195040.0
1750161600000,1750161600000,0.00727,0.00734,0.00703,0.00713,20383790.0
1750183200000,1750183200000,0.00713,0.0072,0.00698,0.007,15676320.0
1750204800000,1750204800000,0.007,0.00705,0.00687,0.0069,21211750.0
1750226400000,1750226400000,0.0069,0.00701,0.00676,0.00683,26125860.0
1750248000000,1750248000000,0.00683,0.00694,0.00669,0.00688,29566010.0
1750269600000,1750269600000,0.00688,0.00698,0.00681,0.00696,9829750.0
1750291200000,1750291200000,0.00696,0.00701,0.00674,0.00678,20006920.0
1750312800000,1750312800000,0.00678,0.00681,0.0067,0.00674,15706860.0
1750334400000,1750334400000,0.00674,0.00828,0.0067,0.00794,856739010.0
1750356000000,1750356000000,0.00794,0.00811,0.00751,0.00774,249761510.0
1750377600000,1750377600000,0.00774,0.01042,0.00763,0.00875,2624783490.0
1750399200000,1750399200000,0.00875,0.00881,0.00805,0.00807,1082774710.0
1750420800000,1750420800000,0.00807,0.00846,0.00754,0.00791,1015642500.0
1750442400000,1750442400000,0.00791,0.00896,0.0079,0.00869,400898270.0
1750464000000,1750464000000,0.00869,0.00869,0.00811,0.00841,294239320.0
1750485600000,1750485600000,0.00841,0.00887,0.00835,0.00838,152804370.0
1750507200000,1750507200000,0.00838,0.0087,0.00737,0.00759,330428810.0
1750528800000,1750528800000,0.00759,0.00767,0.00721,0.00741,96928250.0
1750550400000,1750550400000,0.00741,0.00754,0.00727,0.00738,60966440.0
1750572000000,1750572000000,0.00738,0.00749,0.00712,0.0072,59940650.0
1750593600000,1750593600000,0.0072,0.00729,0.00642,0.00655,189128520.0
1750615200000,1750615200000,0.00655,0.00675,0.00639,0.0066,83625390.0
1750636800000,1750636800000,0.0066,0.00665,0.00643,0.00662,65911220.0
1750658400000,1750658400000,0.00662,0.00679,0.00655,0.00661,65015590.0
1750680000000,1750680000000,0.00661,0.00708,0.00655,0.00675,175878940.0
1750701600000,1750701600000,0.00675,0.00734,0.00675,0.00717,74021860.0
1750723200000,1750723200000,0.00717,0.00725,0.00702,0.00717,37339630.0
1750744800000,1750744800000,0.00717,0.00727,0.00707,0.00712,31149390.0
1750766400000,1750766400000,0.00712,0.00718,0.00699,0.00704,33636830.0
1750788000000,1750788000000,0.00704,0.00732,0.00659,0.00694,114827070.0
1750809600000,1750809600000,0.00694,0.00694,0.00665,0.00669,46135990.0
1750831200000,1750831200000,0.00669,0.0068,0.00659,0.00673,66213950.0
1750852800000,1750852800000,0.00673,0.0071,0.00666,0.00667,165661330.0
1750874400000,1750874400000,0.00667,0.00674,0.00662,0.00667,16798540.0
1750896000000,1750896000000,0.00667,0.00678,0.00659,0.0067,30474250.0
1750917600000,1750917600000,0.0067,0.00678,0.00654,0.00656,28969050.0
1750939200000,1750939200000,0.00656,0.007,0.00646,0.0068,297371350.0
1750960800000,1750960800000,0.0068,0.00704,0.00674,0.00683,62257930.0
1750982400000,1750982400000,0.00683,0.00693,0.0067,0.00677,73741250.0
1751004000000,1751004000000,0.00677,0.0068,0.00664,0.00669,32688300.0
1751025600000,1751025600000,0.00669,0.00679,0.00656,0.0066,45644990.0
1751047200000,1751047200000,0.0066,0.00667,0.00653,0.00667,17505910.0
1751068800000,1751068800000,0.00667,0.00698,0.0066,0.00685,32043610.0
1751090400000,1751090400000,0.00685,0.0069,0.00672,0.00673,19243270.0
1751112000000,1751112000000,0.00673,0.00695,0.00669,0.0068,35622800.0
1751133600000,1751133600000,0.0068,0.00681,0.00672,0.00675,8852380.0
1751155200000,1751155200000,0.00675,0.00683,0.00667,0.00675,17670630.0
1751176800000,1751176800000,0.00675,0.00682,0.0067,0.00681,13753780.0
1751198400000,1751198400000,0.00681,0.00682,0.00667,0.00671,16305900.0
1751220000000,1751220000000,0.00671,0.00689,0.00669,0.00687,9862290.0
1751241600000,1751241600000,0.00687,0.00688,0.00675,0.00682,11017580.0
1751263200000,1751263200000,0.00682,0.00693,0.00671,0.00678,34253830.0
1751284800000,1751284800000,0.00678,0.00699,0.00665,0.00685,121979790.0
1751306400000,1751306400000,0.00685,0.00688,0.00675,0.00676,18533270.0
1751328000000,1751328000000,0.00676,0.00677,0.00668,0.00671,6707220.0
1751349600000,1751349600000,0.00671,0.00675,0.00665,0.00666,5227920.0
1751371200000,1751371200000,0.00666,0.00668,0.00657,0.00659,13439250.0
1751392800000,1751392800000,0.00659,0.00661,0.00645,0.00651,11026580.0
1751414400000,1751414400000,0.00651,0.00652,0.00638,0.00652,8554260.0
1751436000000,1751436000000,0.00652,0.00661,0.0065,0.00658,8153410.0
1751457600000,1751457600000,0.00658,0.00682,0.00657,0.00675,25311770.0
1751479200000,1751479200000,0.00675,0.00683,0.00673,0.00681,8284010.0
1751500800000,1751500800000,0.00681,0.00683,0.00665,0.00675,12751530.0
1751522400000,1751522400000,0.00675,0.00682,0.00666,0.00674,9696420.0
1751544000000,1751544000000,0.00674,0.00676,0.00662,0.00664,10377750.0
1751565600000,1751565600000,0.00664,0.00677,0.00663,0.00675,4487830.0
1751587200000,1751587200000,0.00675,0.00676,0.0066,0.00668,6669040.0
1751608800000,1751608800000,0.00668,0.0067,0.00655,0.00666,9496050.0
1751630400000,1751630400000,0.00666,0.0067,0.00648,0.00657,19315080.0
1751652000000,1751652000000,0.00657,0.00658,0.00653,0.00654,4103100.0
1751673600000,1751673600000,0.00654,0.00656,0.00653,0.00654,4883190.0
1751695200000,1751695200000,0.00654,0.00668,0.00654,0.00659,9804520.0
1751716800000,1751716800000,0.00659,0.00674,0.00655,0.0067,32969750.0
1751738400000,1751738400000,0.0067,0.00676,0.00652,0.00654,12616630.0
1751760000000,1751760000000,0.00654,0.00662,0.00648,0.00649,6124700.0
1751781600000,1751781600000,0.00649,0.00653,0.00646,0.00649,3695220.0
1751803200000,1751803200000,0.00649,0.00657,0.00646,0.00656,7223470.0
1751824800000,1751824800000,0.00656,0.00666,0.00655,0.00659,6371030.0
1751846400000,1751846400000,0.00659,0.00665,0.00656,0.00662,3718920.0
1751868000000,1751868000000,0.00662,0.00689,0.00658,0.00669,72696150.0
1751889600000,1751889600000,0.00669,0.00698,0.00662,0.00668,72972580.0
1751911200000,1751911200000,0.00668,0.00692,0.00667,0.00679,47715070.0
1751932800000,1751932800000,0.00679,0.00719,0.00675,0.00703,107285760.0
1751954400000,1751954400000,0.00703,0.00726,0.00675,0.00684,82025670.0
1751976000000,1751976000000,0.00684,0.00716,0.00671,0.00684,97250820.0
1751997600000,1751997600000,0.00684,0.00686,0.00667,0.00672,13982930.0
1752019200000,1752019200000,0.00672,0.00673,0.00665,0.00667,10280070.0
1752040800000,1752040800000,0.00667,0.00679,0.00666,0.00678,15156470.0
1752062400000,1752062400000,0.00678,0.00682,0.00668,0.00674,20501380.0
1752084000000,1752084000000,0.00674,0.0068,0.00671,0.00673,11918180.0
1752105600000,1752105600000,0.00673,0.00677,0.00661,0.00666,20653420.0
1752127200000,1752127200000,0.00666,0.00672,0.00662,0.00664,11544610.0
1752148800000,1752148800000,0.00664,0.0069,0.0066,0.00678,48780580.0
1752170400000,1752170400000,0.00678,0.0069,0.0067,0.00687,16262180.0
1752192000000,1752192000000,0.00687,0.00707,0.00675,0.00706,36311790.0
1752213600000,1752213600000,0.00706,0.00725,0.00693,0.00705,56720780.0
1752235200000,1752235200000,0.00705,0.00939,0.00701,0.00768,520628850.0
1752256800000,1752256800000,0.00768,0.00791,0.00713,0.00749,120130740.0
1752278400000,1752278400000,0.00749,0.00821,0.00728,0.00774,258076240.0
1752300000000,1752300000000,0.00774,0.00798,0.00746,0.00769,167173700.0
1752321600000,1752321600000,0.00769,0.0092,0.00757,0.0081,392949710.0
1752343200000,1752343200000,0.0081,0.0082,0.00781,0.00797,47203550.0
1752364800000,1752364800000,0.00797,0.00802,0.00746,0.00761,113296360.0
1752386400000,1752386400000,0.00761,0.00768,0.00754,0.00758,17414140.0
1752408000000,1752408000000,0.00758,0.00782,0.00736,0.00738,57029860.0
1752429600000,1752429600000,0.00738,0.00747,0.00728,0.00737,11949670.0
1752451200000,1752451200000,0.00737,0.00755,0.00726,0.00742,24322300.0
1752472800000,1752472800000,0.00742,0.00765,0.00734,0.00741,19356440.0
1752494400000,1752494400000,0.00741,0.00778,0.00723,0.00754,72780790.0
1752516000000,1752516000000,0.00754,0.00758,0.00723,0.00729,32982700.0
1752537600000,1752537600000,0.00729,0.00729,0.00696,0.00705,30091970.0
1752559200000,1752559200000,0.00705,0.0071,0.00697,0.00707,15620550.0
1752580800000,1752580800000,0.00707,0.00718,0.00693,0.00715,13622050.0
1752602400000,1752602400000,0.00715,0.00723,0.00703,0.00721,9237970.0
1752624000000,1752624000000,0.00721,0.00727,0.00706,0.00726,7741170.0
1752645600000,1752645600000,0.00726,0.00733,0.00721,0.00722,9375300.0
1752667200000,1752667200000,0.00722,0.00741,0.00708,0.0073,27341800.0
1752688800000,1752688800000,0.0073,0.00732,0.0071,0.00713,15891880.0
1752710400000,1752710400000,0.00713,0.00715,0.00704,0.00705,11521300.0
1752732000000,1752732000000,0.00705,0.00729,0.00705,0.00713,24262710.0
1752753600000,1752753600000,0.00713,0.00738,0.00702,0.00714,70944820.0
1752775200000,1752775200000,0.00714,0.00722,0.00705,0.00709,18144610.0
1752796800000,1752796800000,0.00709,0.0074,0.00706,0.00736,83007370.0
1752818400000,1752818400000,0.00736,0.0074,0.00719,0.00722,15371460.0
1752840000000,1752840000000,0.00722,0.00729,0.00706,0.00708,18196370.0
1752861600000,1752861600000,0.00708,0.00708,0.00685,0.00695,12908830.0
1752883200000,1752883200000,0.00695,0.007,0.00689,0.00694,6475360.0
1752904800000,1752904800000,0.00694,0.00696,0.0069,0.00692,6640260.0
1752926400000,1752926400000,0.00692,0.00717,0.0069,0.00694,17426950.0
1752948000000,1752948000000,0.00694,0.0071,0.0069,0.00707,8692840.0
1752969600000,1752969600000,0.00707,0.00709,0.00693,0.00707,11740230.0
1752991200000,1752991200000,0.00707,0.00735,0.00704,0.00729,14401630.0
1753012800000,1753012800000,0.00729,0.00753,0.00724,0.00728,61399850.0
1753034400000,1753034400000,0.00728,0.00729,0.00711,0.00723,15467580.0
1753056000000,1753056000000,0.00723,0.00741,0.0071,0.00735,40416820.0
1753077600000,1753077600000,0.00735,0.0074,0.00726,0.00731,14156080.0
1753099200000,1753099200000,0.00731,0.00742,0.00701,0.00713,27133340.0
1753120800000,1753120800000,0.00713,0.00717,0.00705,0.00712,9357010.0
1753142400000,1753142400000,0.00712,0.00715,0.00693,0.00696,16569340.0
1753164000000,1753164000000,0.00696,0.00706,0.00695,0.00701,6531500.0
1753185600000,1753185600000,0.00701,0.00705,0.00693,0.00697,8536100.0
1753207200000,1753207200000,0.00697,0.00713,0.00693,0.00711,7891360.0
1753228800000,1753228800000,0.00711,0.00714,0.00703,0.00713,7876990.0
1753250400000,1753250400000,0.00713,0.00717,0.00695,0.00706,13330150.0
1753272000000,1753272000000,0.00706,0.00849,0.00687,0.00745,521571040.0
1753293600000,1753293600000,0.00745,0.00746,0.00693,0.007,70658070.0
1753315200000,1753315200000,0.007,0.00713,0.00676,0.0068,41358390.0
1753336800000,1753336800000,0.0068,0.00688,0.00655,0.00684,34183950.0
1753358400000,1753358400000,0.00684,0.00699,0.00665,0.00675,18219670.0
1753380000000,1753380000000,0.00675,0.00678,0.00665,0.00666,8965840.0
1753401600000,1753401600000,0.00666,0.00671,0.00654,0.00656,20305720.0
1753423200000,1753423200000,0.00656,0.00675,0.00646,0.00666,19430040.0
1753444800000,1753444800000,0.00666,0.00677,0.00649,0.00654,30880540.0
1753466400000,1753466400000,0.00654,0.00672,0.00646,0.00665,17455960.0
1753488000000,1753488000000,0.00665,0.00676,0.00663,0.00673,12929550.0
1753509600000,1753509600000,0.00673,0.00677,0.00668,0.00672,9848000.0
1753531200000,1753531200000,0.00672,0.00696,0.00669,0.0067,47706710.0
1753552800000,1753552800000,0.0067,0.0068,0.00666,0.00677,13300190.0
1753574400000,1753574400000,0.00677,0.0068,0.00667,0.00679,4414400.0
1753596000000,1753596000000,0.00679,0.00682,0.00673,0.00682,4445280.0
1753617600000,1753617600000,0.00682,0.00687,0.00674,0.00681,12205310.0
1753639200000,1753639200000,0.00681,0.0069,0.00677,0.00689,9455980.0
1753660800000,1753660800000,0.00689,0.00692,0.0068,0.00687,6967670.0
1753682400000,1753682400000,0.00687,0.00689,0.00678,0.00683,5380550.0
1753704000000,1753704000000,0.00683,0.00698,0.00669,0.00681,26677840.0
1753725600000,1753725600000,0.00681,0.00688,0.00674,0.00675,6879170.0
1753747200000,1753747200000,0.00675,0.00679,0.00666,0.00674,13735140.0
1753768800000,1753768800000,0.00674,0.0068,0.00664,0.00666,7028600.0
1753790400000,1753790400000,0.00666,0.00674,0.00661,0.00667,11066890.0
1753812000000,1753812000000,0.00667,0.00671,0.00657,0.00662,2831290.0
1753833600000,1753833600000,0.00662,0.00663,0.00653,0.00658,5931780.0
1753855200000,1753855200000,0.00658,0.00662,0.00648,0.0065,4832720.0
1753876800000,1753876800000,0.0065,0.00693,0.00648,0.00651,49031480.0
1753898400000,1753898400000,0.00651,0.00656,0.00639,0.00654,8700110.0
1753920000000,1753920000000,0.00654,0.00661,0.00653,0.00657,4121180.0
1753941600000,1753941600000,0.00657,0.00662,0.00652,0.00655,6864600.0
1753963200000,1753963200000,0.00655,0.00659,0.00646,0.00651,17741560.0
1753984800000,1753984800000,0.00651,0.00654,0.00622,0.00629,19133040.0
1754006400000,1754006400000,0.00629,0.00636,0.00609,0.00629,22409460.0
1754028000000,1754028000000,0.00629,0.0063,0.00616,0.00626,10811010.0
1754049600000,1754049600000,0.00626,0.00632,0.00606,0.00624,22213370.0
1754071200000,1754071200000,0.00624,0.00626,0.00606,0.0062,10221850.0
1754092800000,1754092800000,0.0062,0.00623,0.00611,0.00621,2311760.0
1754114400000,1754114400000,0.00621,0.00621,0.00603,0.00611,8457350.0
1754136000000,1754136000000,0.00611,0.00614,0.00598,0.00601,4193340.0
1754157600000,1754157600000,0.00601,0.00608,0.00595,0.00598,12248830.0
1754179200000,1754179200000,0.00598,0.00614,0.00595,0.00612,5114810.0
1754200800000,1754200800000,0.00612,0.0062,0.00611,0.00615,10186590.0
1754222400000,1754222400000,0.00615,0.00618,0.0061,0.00614,5487260.0
1754244000000,1754244000000,0.00614,0.00628,0.00614,0.00625,7090750.0
1754265600000,1754265600000,0.00625,0.00662,0.00621,0.00646,64342200.0
1754287200000,1754287200000,0.00646,0.00649,0.00633,0.00641,10116280.0
1754308800000,1754308800000,0.00641,0.00665,0.00634,0.00646,25376620.0
1754330400000,1754330400000,0.00646,0.00652,0.0064,0.00647,4618330.0
1754352000000,1754352000000,0.00647,0.00651,0.00629,0.00633,11750030.0
1754373600000,1754373600000,0.00633,0.00641,0.00624,0.00636,9616750.0
1754395200000,1754395200000,0.00636,0.00641,0.00618,0.00622,8387880.0
1754416800000,1754416800000,0.00622,0.00622,0.00606,0.00615,3508870.0
1754438400000,1754438400000,0.00615,0.00624,0.00608,0.00621,13036390.0
1754460000000,1754460000000,0.00621,0.00645,0.00619,0.00628,19194950.0
1754481600000,1754481600000,0.00628,0.00631,0.00614,0.00621,9134650.0
1754503200000,1754503200000,0.00621,0.00628,0.0062,0.00625,2597350.0
1754524800000,1754524800000,0.00625,0.00631,0.00623,0.00627,2735100.0
1754546400000,1754546400000,0.00627,0.00647,0.00627,0.00646,5004760.0
1754568000000,1754568000000,0.00646,0.00647,0.00631,0.00636,5841340.0
1754589600000,1754589600000,0.00636,0.0065,0.00634,0.00648,2828780.0
1754611200000,1754611200000,0.00648,0.00653,0.00645,0.00647,4138520.0
1754632800000,1754632800000,0.00647,0.00657,0.00639,0.00645,5323100.0
1754654400000,1754654400000,0.00645,0.00657,0.00641,0.0065,6460710.0
1754676000000,1754676000000,0.0065,0.00654,0.00645,0.00651,3116440.0
1754697600000,1754697600000,0.00651,0.00677,0.00651,0.00671,13296950.0
1754719200000,1754719200000,0.00671,0.00677,0.00656,0.0067,11011110.0
1754740800000,1754740800000,0.0067,0.00697,0.00664,0.00666,24751350.0
1754762400000,1754762400000,0.00666,0.00674,0.0066,0.0067,6160920.0
1754784000000,1754784000000,0.0067,0.00687,0.00666,0.0068,13789670.0
1754805600000,1754805600000,0.0068,0.0068,0.00643,0.00656,22340610.0
1754827200000,1754827200000,0.00656,0.0066,0.00647,0.00651,6660060.0
1754848800000,1754848800000,0.00651,0.00685,0.00645,0.00664,46449120.0
1754870400000,1754870400000,0.00664,0.00687,0.00662,0.00673,20915040.0
1754892000000,1754892000000,0.00673,0.00676,0.00631,0.00636,40396270.0
1754913600000,1754913600000,0.00636,0.00662,0.00631,0.00636,39881620.0
1754935200000,1754935200000,0.00636,0.00638,0.00626,0.00629,10533120.0
1754956800000,1754956800000,0.00629,0.00644,0.00625,0.00634,17285630.0
1754978400000,1754978400000,0.00634,0.00675,0.00628,0.00639,116166990.0
1755000000000,1755000000000,0.00639,0.00666,0.00635,0.00657,28524050.0
1755021600000,1755021600000,0.00657,0.00664,0.00656,0.00662,8408400.0
1755043200000,1755043200000,0.00662,0.00663,0.00646,0.00648,16819730.0
1755064800000,1755064800000,0.00648,0.00671,0.00645,0.00663,37310700.0
1755086400000,1755086400000,0.00663,0.0067,0.00652,0.00661,11352470.0
1755108000000,1755108000000,0.00661,0.00664,0.00655,0.0066,3966490.0
1755129600000,1755129600000,0.0066,0.00668,0.00655,0.00657,5395070.0
1755151200000,1755151200000,0.00657,0.00658,0.00642,0.00646,7664750.0
1755172800000,1755172800000,0.00646,0.00647,0.00613,0.00625,25878750.0
1755194400000,1755194400000,0.00625,0.00626,0.0061,0.00617,11294740.0
1755216000000,1755216000000,0.00617,0.00627,0.00615,0.00625,5766570.0
1755237600000,1755237600000,0.00625,0.0063,0.00622,0.00623,3945040.0
1755259200000,1755259200000,0.00623,0.00624,0.00579,0.00587,36027550.0
1755280800000,1755280800000,0.00587,0.00595,0.00585,0.00592,5676230.0
1755302400000,1755302400000,0.00592,0.00605,0.00592,0.006,5221120.0
1755324000000,1755324000000,0.006,0.00612,0.00598,0.00607,12252910.0
1755345600000,1755345600000,0.00607,0.00628,0.0058,0.00582,51919600.0
1755367200000,1755367200000,0.00582,0.00606,0.0058,0.00604,37395130.0
1755388800000,1755388800000,0.00604,0.00617,0.00598,0.006,28781410.0
1755410400000,1755410400000,0.006,0.00615,0.00595,0.00611,16273500.0
1755432000000,1755432000000,0.00611,0.00621,0.00599,0.00599,43288310.0
1755453600000,1755453600000,0.00599,0.00606,0.00592,0.00599,8785470.0
1755475200000,1755475200000,0.00599,0.00599,0.00574,0.00581,22829020.0
1755496800000,1755496800000,0.00581,0.00582,0.0057,0.00575,10220460.0
1755518400000,1755518400000,0.00575,0.00595,0.00574,0.00593,28443290.0
1755540000000,1755540000000,0.00593,0.00599,0.0058,0.00583,25639390.0
1755561600000,1755561600000,0.00583,0.00588,0.00566,0.00572,14788670.0
1755583200000,1755583200000,0.00572,0.00589,0.0057,0.00587,9332790.0
1755604800000,1755604800000,0.00587,0.00589,0.0057,0.00582,32994150.0
1755626400000,1755626400000,0.00582,0.00585,0.00564,0.00566,10071230.0
1755648000000,1755648000000,0.00566,0.0057,0.00556,0.00569,9595720.0
1755669600000,1755669600000,0.00569,0.00575,0.00563,0.00568,5837030.0
1755691200000,1755691200000,0.00568,0.00583,0.0056,0.00576,24366460.0
1755712800000,1755712800000,0.00576,0.00584,0.00572,0.0058,4332600.0
1755734400000,1755734400000,0.0058,0.00583,0.00574,0.00577,2338510.0
1755756000000,1755756000000,0.00577,0.00577,0.00537,0.00557,30394900.0
1755777600000,1755777600000,0.00557,0.0065,0.00546,0.00592,389425960.0
1755799200000,1755799200000,0.00592,0.00644,0.00591,0.00644,177890700.0
1755820800000,1755820800000,0.00644,0.00687,0.00588,0.00593,323577190.0
1755842400000,1755842400000,0.00593,0.00611,0.00589,0.00593,55638950.0
1755864000000,1755864000000,0.00593,0.00594,0.00567,0.00585,112342960.0
1755885600000,1755885600000,0.00585,0.0059,0.0058,0.00587,19336430.0
1755907200000,1755907200000,0.00587,0.00588,0.00572,0.00576,29760100.0
1755928800000,1755928800000,0.00576,0.00579,0.00571,0.00574,20022260.0
1755950400000,1755950400000,0.00574,0.00581,0.00561,0.00561,23668160.0
1755972000000,1755972000000,0.00561,0.0057,0.00561,0.00565,8081860.0
1755993600000,1755993600000,0.00565,0.00569,0.00563,0.00565,11964220.0
1756015200000,1756015200000,0.00565,0.00571,0.00563,0.00565,13556140.0
1756036800000,1756036800000,0.00565,0.00585,0.00562,0.00574,39051920.0
1756058400000,1756058400000,0.00574,0.00588,0.00564,0.00566,31785500.0
1756080000000,1756080000000,0.00566,0.00567,0.00546,0.0056,23304840.0
1756101600000,1756101600000,0.0056,0.00563,0.00546,0.00552,17561440.0
1756123200000,1756123200000,0.00552,0.00576,0.00552,0.00567,33944050.0
1756144800000,1756144800000,0.00567,0.00573,0.00531,0.00538,24593140.0
1756166400000,1756166400000,0.00538,0.00551,0.00536,0.0055,6914350.0
1756188000000,1756188000000,0.0055,0.0055,0.00542,0.00543,4324210.0
1756209600000,1756209600000,0.00543,0.00571,0.00543,0.00551,19760460.0
1756231200000,1756231200000,0.00551,0.00563,0.0055,0.00556,18624810.0
1756252800000,1756252800000,0.00556,0.00558,0.0055,0.00553,5793230.0
1756274400000,1756274400000,0.00553,0.00557,0.00545,0.00548,8912200.0
1756296000000,1756296000000,0.00548,0.00557,0.00547,0.00556,6448030.0
1756317600000,1756317600000,0.00556,0.00559,0.00538,0.0054,14077250.0
1756339200000,1756339200000,0.0054,0.00548,0.00536,0.00545,5373860.0
1756360800000,1756360800000,0.00545,0.00554,0.00542,0.00544,6249220.0
1756382400000,1756382400000,0.00544,0.00549,0.00538,0.00541,7286060.0
1756404000000,1756404000000,0.00541,0.00543,0.00537,0.00542,3810180.0
1756425600000,1756425600000,0.00542,0.00552,0.0054,0.00546,13141220.0
1756447200000,1756447200000,0.00546,0.00548,0.0053,0.0054,27018080.0
1756468800000,1756468800000,0.0054,0.00549,0.00537,0.00542,11505430.0
1756490400000,1756490400000,0.00542,0.00549,0.00537,0.00545,8963670.0
1756512000000,1756512000000,0.00545,0.00547,0.00522,0.00532,36513200.0
1756533600000,1756533600000,0.00532,0.00534,0.00525,0.00533,13626210.0
1756555200000,1756555200000,0.00533,0.00555,0.00526,0.00528,48829830.0
1756576800000,1756576800000,0.00528,0.00533,0.00526,0.00529,4353900.0
1756598400000,1756598400000,0.00529,0.00537,0.00529,0.00534,8098540.0
1756620000000,1756620000000,0.00534,0.00537,0.0053,0.00532,4397440.0
1756641600000,1756641600000,0.00532,0.00553,0.00528,0.00541,29878310.0
1756663200000,1756663200000,0.00541,0.00547,0.00529,0.00532,34329130.0
1756684800000,1756684800000,0.00532,0.00538,0.00478,0.00499,69283790.0
1756706400000,1756706400000,0.00499,0.00516,0.00494,0.00501,29515100.0
1756728000000,1756728000000,0.00501,0.00516,0.00476,0.00486,56301850.0
1756749600000,1756749600000,0.00486,0.0049,0.00461,0.00474,20397210.0
1756771200000,1756771200000,0.00474,0.00484,0.00471,0.00484,12785350.0
1756792800000,1756792800000,0.00484,0.00493,0.00474,0.00481,26858040.0
1756814400000,1756814400000,0.00481,0.00493,0.00475,0.00483,13403230.0
1756836000000,1756836000000,0.00483,0.00483,0.00465,0.00478,22918310.0
1756857600000,1756857600000,0.00478,0.00489,0.00477,0.00484,11307980.0
1756879200000,1756879200000,0.00484,0.00486,0.0048,0.00482,8751740.0
1756900800000,1756900800000,0.00482,0.00489,0.00477,0.00479,6816790.0
1756922400000,1756922400000,0.00479,0.00489,0.00479,0.00482,6266370.0
1756944000000,1756944000000,0.00482,0.00489,0.00461,0.00469,15332610.0
1756965600000,1756965600000,0.00469,0.0048,0.00467,0.00476,14302980.0
1756987200000,1756987200000,0.00476,0.0048,0.00461,0.00464,9335250.0
1757008800000,1757008800000,0.00464,0.00469,0.00457,0.00467,11805850.0
1757030400000,1757030400000,0.00467,0.00476,0.00465,0.00476,4066360.0
1757052000000,1757052000000,0.00476,0.004809,0.004691,0.004795,28482110.0
1757073600000,1757073600000,0.004795,0.004863,0.004639,0.004738,38109280.0
1757095200000,1757095200000,0.004738,0.004777,0.004647,0.004713,14595070.0
1757116800000,1757116800000,0.004713,0.004773,0.004674,0.004713,8810160.0
1757138400000,1757138400000,0.004713,0.004776,0.00469,0.00476,8947520.0
1757160000000,1757160000000,0.00476,0.005659,0.004715,0.0049,536451490.0
1757181600000,1757181600000,0.0049,0.005013,0.004805,0.004882,68403190.0
1757203200000,1757203200000,0.004882,0.005047,0.004814,0.004917,45698300.0
1757224800000,1757224800000,0.004917,0.004952,0.004839,0.004924,21292800.0
1757246400000,1757246400000,0.004924,0.005303,0.00484,0.004857,98767490.0
1757268000000,1757268000000,0.004857,0.004937,0.00483,0.004871,20315940.0
1757289600000,1757289600000,0.004871,0.004945,0.004832,0.00485,16181970.0
1757311200000,1757311200000,0.00485,0.004973,0.004841,0.004906,22527920.0
1757332800000,1757332800000,0.004906,0.004961,0.004876,0.004881,15006700.0
1757354400000,1757354400000,0.004881,0.004892,0.00484,0.004884,4764290.0
1757376000000,1757376000000,0.004884,0.00492,0.004836,0.004895,5126770.0
1757397600000,1757397600000,0.004895,0.005007,0.004885,0.004955,14171920.0
1757419200000,1757419200000,0.004955,0.005046,0.004845,0.004871,26958480.0
1757440800000,1757440800000,0.004871,0.004946,0.004853,0.004887,7455740.0
1757462400000,1757462400000,0.004887,0.004919,0.004841,0.004875,8436540.0
1757484000000,1757484000000,0.004875,0.004948,0.004863,0.004911,10127660.0
1757505600000,1757505600000,0.004911,0.00504,0.00489,0.004916,20403200.0
1757527200000,1757527200000,0.004916,0.004957,0.004859,0.00494,10638890.0
1757548800000,1757548800000,0.00494,0.005098,0.004897,0.00497,21102780.0
1757570400000,1757570400000,0.00497,0.005076,0.004961,0.005044,9256690.0
1757592000000,1757592000000,0.005044,0.005169,0.004851,0.005017,30599180.0
1757613600000,1757613600000,0.005017,0.005142,0.005001,0.005082,17687340.0
1757635200000,1757635200000,0.005082,0.005161,0.005064,0.005125,6146890.0
1757656800000,1757656800000,0.005125,0.005223,0.005098,0.005125,15139420.0
1757678400000,1757678400000,0.005125,0.005202,0.005096,0.005176,12909450.0
1757700000000,1757700000000,0.005176,0.005465,0.005145,0.005304,21677980.0
1757721600000,1757721600000,0.005304,0.005413,0.005256,0.005354,19333220.0
1757743200000,1757743200000,0.005354,0.005565,0.005283,0.005481,29659260.0
1757764800000,1757764800000,0.005481,0.005731,0.005405,0.005476,49256770.0
1757786400000,1757786400000,0.005476,0.006459,0.005362,0.006188,102325100.0
1757808000000,1757808000000,0.006188,0.006732,0.005796,0.006109,300912050.0
1757829600000,1757829600000,0.006109,0.006329,0.005966,0.006173,53960080.0
1757851200000,1757851200000,0.006173,0.006765,0.006046,0.006179,198318170.0
1757872800000,1757872800000,0.006179,0.006278,0.005872,0.005901,46785090.0
1757894400000,1757894400000,0.005901,0.006121,0.005888,0.005978,33960640.0
1757916000000,1757916000000,0.005978,0.006005,0.005558,0.005739,51478730.0
1757937600000,1757937600000,0.005739,0.005892,0.00566,0.005804,66698130.0
1757959200000,1757959200000,0.005804,0.00619,0.005774,0.005941,35089210.0
1757980800000,1757980800000,0.005941,0.005965,0.005638,0.005658,24824870.0
1758002400000,1758002400000,0.005658,0.00568,0.005367,0.005379,45032140.0
1758024000000,1758024000000,0.005379,0.005428,0.00529,0.005371,42946400.0
1758045600000,1758045600000,0.005371,0.005435,0.005241,0.005324,20293150.0
1758067200000,1758067200000,0.005324,0.005448,0.005195,0.005239,42638890.0
1758088800000,1758088800000,0.005239,0.005529,0.005239,0.005274,26154670.0
1758110400000,1758110400000,0.005274,0.005368,0.005239,0.005297,6449660.0
1758132000000,1758132000000,0.005297,0.005523,0.005246,0.005481,17312630.0
1758153600000,1758153600000,0.005481,0.005509,0.005392,0.005437,9935440.0
1758175200000,1758175200000,0.005437,0.005579,0.0054,0.005406,13076510.0
1758196800000,1758196800000,0.005406,0.006404,0.005342,0.005905,187263960.0
1758218400000,1758218400000,0.005905,0.006019,0.005704,0.005818,24643100.0
1758240000000,1758240000000,0.005818,0.005871,0.005608,0.005688,26604120.0
1758261600000,1758261600000,0.005688,0.005767,0.005604,0.005709,15404370.0
1758283200000,1758283200000,0.005709,0.00579,0.005311,0.005429,86766710.0
1758304800000,1758304800000,0.005429,0.005448,0.005378,0.005389,3289040.0
1758326400000,1758326400000,0.005389,0.00544,0.005268,0.005359,11317950.0
1758348000000,1758348000000,0.005359,0.005462,0.005345,0.005432,5539490.0
1758369600000,1758369600000,0.005432,0.005562,0.005385,0.005408,18890210.0
1758391200000,1758391200000,0.005408,0.005415,0.005246,0.005285,6779380.0
1758412800000,1758412800000,0.005285,0.005387,0.005285,0.005379,9150440.0
1758434400000,1758434400000,0.005379,0.005479,0.005331,0.005355,10499050.0
1758456000000,1758456000000,0.005355,0.0054,0.005316,0.005349,7604000.0
1758477600000,1758477600000,0.005349,0.005363,0.005297,0.005327,2562040.0
1758499200000,1758499200000,0.005327,0.005331,0.005083,0.005083,17027650.0
1758520800000,1758520800000,0.005083,0.005088,0.004862,0.004875,25238290.0
1758542400000,1758542400000,0.004875,0.00498,0.004833,0.004855,13595250.0
1758564000000,1758564000000,0.004855,0.004886,0.004824,0.004838,6169050.0
1758585600000,1758585600000,0.004838,0.005483,0.004722,0.004722,211316530.0
1758607200000,1758607200000,0.004722,0.00483,0.004697,0.00471,26754910.0
1758628800000,1758628800000,0.00471,0.005254,0.004683,0.004855,205116310.0
1758650400000,1758650400000,0.004855,0.004869,0.004775,0.004827,20775040.0
1758672000000,1758672000000,0.004827,0.005004,0.004815,0.004926,21926800.0
1758693600000,1758693600000,0.004926,0.004966,0.004865,0.004901,9713210.0
1758715200000,1758715200000,0.004901,0.004986,0.004859,0.004897,11225050.0
1758736800000,1758736800000,0.004897,0.004901,0.004833,0.004848,4821960.0
1758758400000,1758758400000,0.004848,0.004861,0.004685,0.00474,21849480.0
1758780000000,1758780000000,0.00474,0.004757,0.004474,0.00457,46776380.0
1758801600000,1758801600000,0.00457,0.004654,0.004342,0.004361,27919590.0
1758823200000,1758823200000,0.004361,0.004498,0.004328,0.004364,15368520.0
1758844800000,1758844800000,0.004364,0.004477,0.004364,0.004411,9771510.0
1758866400000,1758866400000,0.004411,0.004491,0.004392,0.004443,15882550.0
1758888000000,1758888000000,0.004443,0.004597,0.004399,0.004591,17885600.0
1758909600000,1758909600000,0.004591,0.004612,0.004504,0.004506,8616120.0
1758931200000,1758931200000,0.004506,0.004572,0.004506,0.00456,4471920.0
1758952800000,1758952800000,0.00456,0.004594,0.004456,0.004529,13270540.0
1758974400000,1758974400000,0.004529,0.004646,0.004454,0.004482,18700400.0
1758996000000,1758996000000,0.004482,0.00455,0.004475,0.004494,3412470.0
1759017600000,1759017600000,0.004494,0.004523,0.004459,0.004514,3415310.0
1759039200000,1759039200000,0.004514,0.00453,0.004469,0.004474,2282160.0
1759060800000,1759060800000,0.004474,0.00455,0.004436,0.004521,2808660.0
1759082400000,1759082400000,0.004521,0.004655,0.004476,0.004637,19137350.0
1759104000000,1759104000000,0.004637,0.004649,0.004573,0.004596,2794080.0
1759125600000,1759125600000,0.004596,0.004708,0.004562,0.004581,11878150.0
1759147200000,1759147200000,0.004581,0.004943,0.004467,0.004557,77822850.0
1759168800000,1759168800000,0.004557,0.004641,0.004516,0.004604,5634740.0
1759190400000,1759190400000,0.004604,0.004616,0.004483,0.004536,8232990.0
1759212000000,1759212000000,0.004536,0.004599,0.004398,0.004426,15405790.0
1759233600000,1759233600000,0.004426,0.00444,0.004239,0.004332,26840350.0
1759255200000,1759255200000,0.004332,0.004469,0.004329,0.004421,16267800.0
1759276800000,1759276800000,0.004421,0.004421,0.004351,0.004396,3038430.0
1759298400000,1759298400000,0.004396,0.004555,0.004345,0.004524,12588500.0
1759320000000,1759320000000,0.004524,0.004572,0.004487,0.004527,5576520.0
1759341600000,1759341600000,0.004527,0.004621,0.004524,0.004567,5881160.0
1759363200000,1759363200000,0.004567,0.00471,0.004557,0.004614,17857120.0
1759384800000,1759384800000,0.004614,0.004724,0.004554,0.004595,18673520.0
1759406400000,1759406400000,0.004595,0.004712,0.004543,0.004663,22253240.0
1759428000000,1759428000000,0.004663,0.004716,0.004593,0.004632,8193980.0
1759449600000,1759449600000,0.004632,0.004647,0.004511,0.004551,10905240.0
1759471200000,1759471200000,0.004551,0.004683,0.004551,0.004642,11723510.0
1759492800000,1759492800000,0.004642,0.004881,0.004568,0.004609,38587730.0
1759514400000,1759514400000,0.004609,0.004713,0.004573,0.004654,9246920.0
1759536000000,1759536000000,0.004654,0.00469,0.004574,0.004672,4428290.0
1759557600000,1759557600000,0.004672,0.004703,0.00459,0.004614,3196470.0
1759579200000,1759579200000,0.004614,0.004692,0.004579,0.004605,5036570.0
1759600800000,1759600800000,0.004605,0.004648,0.004587,0.004604,1619160.0
1759622400000,1759622400000,0.004604,0.004749,0.004558,0.004685,8994380.0
1759644000000,1759644000000,0.004685,0.00478,0.004673,0.0047,4293010.0
1759665600000,1759665600000,0.0047,0.004727,0.004675,0.004684,1840930.0
1759687200000,1759687200000,0.004684,0.004708,0.004624,0.004648,7645000.0
1759708800000,1759708800000,0.004648,0.004694,0.004545,0.004685,13699660.0
1759730400000,1759730400000,0.004685,0.004751,0.004609,0.004678,17305420.0
1759752000000,1759752000000,0.004678,0.005179,0.004673,0.005,45042330.0
1759773600000,1759773600000,0.005,0.005027,0.004688,0.004754,22995330.0
1759795200000,1759795200000,0.004754,0.004765,0.004685,0.004713,5980560.0
1759816800000,1759816800000,0.004713,0.004723,0.004612,0.004705,14599820.0
1759838400000,1759838400000,0.004705,0.004745,0.004554,0.004599,16479500.0
1759860000000,1759860000000,0.004599,0.004616,0.004381,0.004454,18648880.0
1759881600000,1759881600000,0.004454,0.004601,0.004452,0.004535,13206870.0
1759903200000,1759903200000,0.004535,0.004537,0.004442,0.004502,5562100.0
1759924800000,1759924800000,0.004502,0.004557,0.004439,0.00453,5302670.0
1759946400000,1759946400000,0.00453,0.004572,0.004464,0.004512,2617940.0
1759968000000,1759968000000,0.004512,0.004533,0.004405,0.004475,8074460.0
1759989600000,1759989600000,0.004475,0.004529,0.004391,0.004411,9436640.0
1760011200000,1760011200000,0.004411,0.004449,0.004263,0.004395,6351290.0
1760032800000,1760032800000,0.004395,0.004395,0.004299,0.004374,2698700.0
1760054400000,1760054400000,0.004374,0.004399,0.004311,0.004388,2847180.0
1760076000000,1760076000000,0.004388,0.004403,0.004273,0.00437,9455970.0
1760097600000,1760097600000,0.00437,0.004454,0.004215,0.004256,13794260.0
1760119200000,1760119200000,0.004256,0.004256,0.00254,0.003315,58236160.0
1760140800000,1760140800000,0.003315,0.003481,0.003021,0.003248,21844640.0
1760162400000,1760162400000,0.003248,0.003533,0.003248,0.003424,13272990.0
1760184000000,1760184000000,0.003424,0.003534,0.003347,0.0034,11611870.0
1760205600000,1760205600000,0.0034,0.003444,0.003173,0.00334,15487960.0
1760227200000,1760227200000,0.00334,0.003496,0.003319,0.003452,6840580.0
1760248800000,1760248800000,0.003452,0.00353,0.003394,0.003473,14305120.0
1760270400000,1760270400000,0.003473,0.003737,0.003472,0.003705,21512610.0
1760292000000,1760292000000,0.003705,0.003709,0.003633,0.00368,4678200.0
1760313600000,1760313600000,0.00368,0.003782,0.003632,0.003676,10768550.0
1760335200000,1760335200000,0.003676,0.00377,0.003646,0.003705,9646360.0
1760356800000,1760356800000,0.003705,0.003831,0.003666,0.003791,9365990.0
1760378400000,1760378400000,0.003791,0.003917,0.003738,0.003806,15477080.0
1760400000000,1760400000000,0.003806,0.003872,0.003653,0.003667,14711460.0
1760421600000,1760421600000,0.003667,0.003681,0.003474,0.003577,8727550.0
1760443200000,1760443200000,0.003577,0.00369,0.003495,0.003663,8114090.0
1760464800000,1760464800000,0.003663,0.0037,0.003587,0.003643,8122650.0
1760486400000,1760486400000,0.003643,0.003804,0.003596,0.003764,10675130.0
1760508000000,1760508000000,0.003764,0.004255,0.003731,0.004091,96095840.0
1760529600000,1760529600000,0.004091,0.00415,0.003637,0.003752,82574600.0
1760551200000,1760551200000,0.003752,0.003905,0.003687,0.00388,33805390.0
1760572800000,1760572800000,0.00388,0.003967,0.003838,0.003874,38437360.0
1760594400000,1760594400000,0.003874,0.005741,0.00387,0.004764,1347666200.0
1760616000000,1760616000000,0.004764,0.005274,0.003942,0.004114,544635030.0
1760637600000,1760637600000,0.004114,0.00416,0.003806,0.003887,108169590.0
1760659200000,1760659200000,0.003887,0.004066,0.003799,0.004011,74181910.0
1760680800000,1760680800000,0.004011,0.004095,0.003622,0.003797,126092030.0
1760702400000,1760702400000,0.003797,0.00439,0.003566,0.003753,196666920.0
1760724000000,1760724000000,0.003753,0.003802,0.003602,0.003715,78310140.0
1760745600000,1760745600000,0.003715,0.003769,0.003651,0.003709,19547650.0
1760767200000,1760767200000,0.003709,0.003769,0.003672,0.003716,16211570.0
1760788800000,1760788800000,0.003716,0.003844,0.0036,0.00372,80152970.0
1760810400000,1760810400000,0.00372,0.00378,0.003671,0.003742,16771680.0
1760832000000,1760832000000,0.003742,0.003958,0.003668,0.003674,124793850.0
1760853600000,1760853600000,0.003674,0.003855,0.003635,0.003774,91555860.0
1760875200000,1760875200000,0.003774,0.004025,0.003774,0.003857,31087990.0
1760896800000,1760896800000,0.003857,0.003858,0.003733,0.003748,15961900.0
1760918400000,1760918400000,0.003748,0.0038,0.003676,0.003777,16279750.0
1760940000000,1760940000000,0.003777,0.003829,0.003747,0.003771,10676440.0
1760961600000,1760961600000,0.003771,0.003809,0.003664,0.003709,5348460.0
1760983200000,1760983200000,0.003709,0.003807,0.003688,0.003716,13742900.0
1761004800000,1761004800000,0.003716,0.003722,0.003488,0.003568,28873600.0
1761026400000,1761026400000,0.003568,0.00372,0.003553,0.003626,14372360.0
1761048000000,1761048000000,0.003626,0.00382,0.003582,0.003734,79268820.0
1761069600000,1761069600000,0.003734,0.003734,0.003583,0.003601,9998500.0
1761091200000,1761091200000,0.003601,0.003693,0.003495,0.003552,11618430.0
1761112800000,1761112800000,0.003552,0.003561,0.003485,0.003495,5062140.0
1761134400000,1761134400000,0.003495,0.003541,0.003466,0.00348,9087650.0
1761156000000,1761156000000,0.00348,0.00349,0.00331,0.003418,13279410.0
1761177600000,1761177600000,0.003418,0.003536,0.003403,0.003507,5378800.0
1761199200000,1761199200000,0.003507,0.003531,0.00339,0.003408,13607120.0
1761220800000,1761220800000,0.003408,0.003491,0.003378,0.003468,4584820.0
1761242400000,1761242400000,0.003468,0.003558,0.003426,0.003491,34611800.0
1761264000000,1761264000000,0.003491,0.003636,0.003473,0.003581,36792110.0
1761285600000,1761285600000,0.003581,0.003624,0.003529,0.003586,22319870.0
1761307200000,1761307200000,0.003586,0.003698,0.003523,0.003574,17118490.0
1761328800000,1761328800000,0.003574,0.003592,0.003523,0.003542,10665680.0
1761350400000,1761350400000,0.003542,0.003588,0.003462,0.003515,18226550.0
1761372000000,1761372000000,0.003515,0.003564,0.003511,0.00354,2959870.0
1761393600000,1761393600000,0.00354,0.003585,0.00352,0.003539,4924010.0
1761415200000,1761415200000,0.003539,0.003581,0.003511,0.003558,3707490.0
1761436800000,1761436800000,0.003558,0.003595,0.003517,0.003539,6524220.0
1761458400000,1761458400000,0.003539,0.003604,0.003531,0.003591,4344100.0
1761480000000,1761480000000,0.003591,0.003689,0.003552,0.003616,13132380.0
1761501600000,1761501600000,0.003616,0.003646,0.003559,0.003625,20177490.0
1761523200000,1761523200000,0.003625,0.003661,0.0036,0.003631,4372980.0
1761544800000,1761544800000,0.003631,0.003631,0.003557,0.003576,9805990.0
1761566400000,1761566400000,0.003576,0.003713,0.003531,0.003547,27168350.0
1761588000000,1761588000000,0.003547,0.003602,0.003411,0.003542,21460870.0
1761609600000,1761609600000,0.003542,0.00366,0.003516,0.003552,18865040.0
1761631200000,1761631200000,0.003552,0.003599,0.003451,0.00355,14578670.0
1761652800000,1761652800000,0.00355,0.003641,0.003531,0.003554,9430800.0
1761674400000,1761674400000,0.003554,0.003564,0.003446,0.003496,8671330.0
1761696000000,1761696000000,0.003496,0.003507,0.003465,0.003507,2084000.0
1761717600000,1761717600000,0.003507,0.00355,0.003423,0.00348,9773570.0
1761739200000,1761739200000,0.00348,0.003489,0.003345,0.003407,7216450.0
1761760800000,1761760800000,0.003407,0.003423,0.003317,0.003411,5322100.0
