timestamp,time,open,high,low,close,volume
1747980000000,1747980000000,0.28719,0.29405,0.12847,0.18186,89700127.0
1748001600000,1748001600000,0.18186,0.30187,0.18144,0.26033,97585713.0
1748023200000,1748023200000,0.26033,0.29,0.25626,0.27669,30808257.0
1748044800000,1748044800000,0.27669,0.29876,0.26125,0.26578,26482793.0
1748066400000,1748066400000,0.26578,0.34149,0.25841,0.31632,66639705.0
1748088000000,1748088000000,0.31632,0.34039,0.30473,0.33135,91130655.0
1748109600000,1748109600000,0.33135,0.33899,0.30082,0.31156,53525860.0
1748131200000,1748131200000,0.31156,0.351,0.30741,0.33645,43194819.0
1748152800000,1748152800000,0.33645,0.34805,0.2584,0.26371,63518598.0
1748174400000,1748174400000,0.26371,0.32596,0.25994,0.31654,63181486.0
1748196000000,1748196000000,0.31654,0.46959,0.30671,0.39291,63288708.0
1748217600000,1748217600000,0.39291,0.46529,0.3734,0.4198,70302113.0
1748239200000,1748239200000,0.4198,0.455,0.36552,0.39193,85559586.0
1748260800000,1748260800000,0.39193,0.43301,0.38635,0.40274,81028776.0
1748282400000,1748282400000,0.40274,0.42393,0.3878,0.41244,35347331.0
1748304000000,1748304000000,0.41244,0.428,0.39512,0.41335,25280288.0
1748325600000,1748325600000,0.41335,0.4368,0.37311,0.37786,43189149.0
1748347200000,1748347200000,0.37786,0.39744,0.36157,0.38102,43768557.0
1748368800000,1748368800000,0.38102,0.39253,0.37583,0.38484,9749226.0
1748390400000,1748390400000,0.38484,0.40748,0.37834,0.39213,15179014.0
1748412000000,1748412000000,0.39213,0.42235,0.38601,0.41724,22757028.0
1748433600000,1748433600000,0.41724,0.423,0.38617,0.39502,18947595.0
1748455200000,1748455200000,0.39502,0.39565,0.37362,0.3794,5482191.0
1748476800000,1748476800000,0.3794,0.38584,0.36812,0.37786,6411844.0
1748498400000,1748498400000,0.37786,0.38352,0.37417,0.37983,7054439.0
1748520000000,1748520000000,0.37983,0.40827,0.36293,0.38086,23848818.0
1748541600000,1748541600000,0.38086,0.41492,0.3704,0.40196,13190418.0
1748563200000,1748563200000,0.40196,0.42093,0.39,0.41212,19632287.0
1748584800000,1748584800000,0.41212,0.41568,0.37716,0.40354,16566316.0
1748606400000,1748606400000,0.40354,0.408,0.36901,0.37207,10585569.0
1748628000000,1748628000000,0.37207,0.37899,0.35752,0.36611,10463702.0
1748649600000,1748649600000,0.36611,0.37318,0.35178,0.35837,8298483.0
1748671200000,1748671200000,0.35837,0.39281,0.35297,0.38941,13218906.0
1748692800000,1748692800000,0.38941,0.409,0.38364,0.38656,10444622.0
1748714400000,1748714400000,0.38656,0.3947,0.37224,0.37328,5645300.0
1748736000000,1748736000000,0.37328,0.38538,0.37068,0.38138,4521666.0
1748757600000,1748757600000,0.38138,0.38447,0.37004,0.37792,4171996.0
1748779200000,1748779200000,0.37792,0.4754,0.37499,0.40203,35148723.0
1748800800000,1748800800000,0.40203,0.413,0.38567,0.40131,10464682.0
1748822400000,1748822400000,0.40131,0.41792,0.39424,0.4068,8806141.0
1748844000000,1748844000000,0.4068,0.41108,0.38016,0.38229,9240646.0
1748865600000,1748865600000,0.38229,0.42169,0.37735,0.4062,18676453.0
1748887200000,1748887200000,0.4062,0.41871,0.40002,0.40527,3533673.0
1748908800000,1748908800000,0.40527,0.40911,0.3938,0.40416,3174915.0
1748930400000,1748930400000,0.40416,0.41068,0.40222,0.40367,2211222.0
1748952000000,1748952000000,0.40367,0.40787,0.39807,0.40125,2431410.0
1748973600000,1748973600000,0.40125,0.40135,0.373,0.37589,3494745.0
1748995200000,1748995200000,0.37589,0.38999,0.36852,0.38369,4486586.0
1749016800000,1749016800000,0.38369,0.39223,0.37604,0.38568,3164874.0
1749038400000,1749038400000,0.38568,0.40239,0.38166,0.39578,4385313.0
1749060000000,1749060000000,0.39578,0.40024,0.3889,0.39548,1560371.0
1749081600000,1749081600000,0.39548,0.40163,0.39048,0.39127,2152731.0
1749103200000,1749103200000,0.39127,0.4057,0.39104,0.4012,4180110.0
1749124800000,1749124800000,0.4012,0.41469,0.39401,0.405,8083571.0
1749146400000,1749146400000,0.405,0.40558,0.3678,0.38074,8794032.0
1749168000000,1749168000000,0.38074,0.38596,0.37454,0.37595,2385256.0
1749189600000,1749189600000,0.37595,0.39351,0.37357,0.38009,2912076.0
1749211200000,1749211200000,0.38009,0.38944,0.3737,0.37589,3199001.0
1749232800000,1749232800000,0.37589,0.39271,0.36065,0.3838,6256387.0
1749254400000,1749254400000,0.3838,0.38619,0.37417,0.37866,1837985.0
1749276000000,1749276000000,0.37866,0.38076,0.36965,0.37071,1759153.0
1749297600000,1749297600000,0.37071,0.38917,0.36413,0.38386,5885633.0
1749319200000,1749319200000,0.38386,0.38898,0.38234,0.38339,1175339.0
1749340800000,1749340800000,0.38339,0.38564,0.37852,0.37871,1157560.0
1749362400000,1749362400000,0.37871,0.38114,0.36806,0.36871,2429675.0
1749384000000,1749384000000,0.36871,0.37505,0.36627,0.37211,1752307.0
1749405600000,1749405600000,0.37211,0.37308,0.36775,0.36907,1277362.0
1749427200000,1749427200000,0.36907,0.37253,0.3618,0.36296,2171602.0
1749448800000,1749448800000,0.36296,0.38305,0.33,0.36672,22393569.0
1749470400000,1749470400000,0.36672,0.36768,0.34112,0.34314,8554453.0
1749492000000,1749492000000,0.34314,0.38642,0.34027,0.36946,10169315.0
1749513600000,1749513600000,0.36946,0.36969,0.35007,0.35105,3483478.0
1749535200000,1749535200000,0.35105,0.3895,0.34758,0.37976,8094459.0
1749556800000,1749556800000,0.37976,0.38145,0.36498,0.37119,3791769.0
1749578400000,1749578400000,0.37119,0.39726,0.36658,0.37175,4487352.0
1749600000000,1749600000000,0.37175,0.37259,0.35413,0.36219,3112251.0
1749621600000,1749621600000,0.36219,0.36829,0.3552,0.35782,1800330.0
1749643200000,1749643200000,0.35782,0.37336,0.35266,0.36458,4894358.0
1749664800000,1749664800000,0.36458,0.36701,0.35464,0.36125,1572221.0
1749686400000,1749686400000,0.36125,0.36616,0.35406,0.36151,1693385.0
1749708000000,1749708000000,0.36151,0.36688,0.36079,0.36411,1448329.0
1749729600000,1749729600000,0.36411,0.36782,0.3588,0.36181,2897513.0
1749751200000,1749751200000,0.36181,0.36218,0.34797,0.35131,2303530.0
1749772800000,1749772800000,0.35131,0.35377,0.33916,0.34553,5491507.0
1749794400000,1749794400000,0.34553,0.35192,0.33659,0.34274,3789289.0
1749816000000,1749816000000,0.34274,0.35838,0.33998,0.34678,3107168.0
1749837600000,1749837600000,0.34678,0.34882,0.34415,0.34831,762332.0
1749859200000,1749859200000,0.34831,0.35282,0.3459,0.34785,714308.0
1749880800000,1749880800000,0.34785,0.34841,0.33945,0.34345,2254811.0
1749902400000,1749902400000,0.34345,0.34347,0.335,0.33652,2417357.0
1749924000000,1749924000000,0.33652,0.34699,0.33195,0.34565,3129502.0
1749945600000,1749945600000,0.34565,0.3467,0.33153,0.34217,4398053.0
1749967200000,1749967200000,0.34217,0.34857,0.33866,0.34654,2843067.0
1749988800000,1749988800000,0.34654,0.3527,0.33402,0.33975,4881685.0
1750010400000,1750010400000,0.33975,0.3498,0.33822,0.34731,1860060.0
1750032000000,1750032000000,0.34731,0.35247,0.34384,0.35143,1620376.0
1750053600000,1750053600000,0.35143,0.35498,0.3422,0.34397,2599798.0
1750075200000,1750075200000,0.34397,0.34627,0.33801,0.34216,2018482.0
1750096800000,1750096800000,0.34216,0.34474,0.33623,0.3371,827184.0
1750118400000,1750118400000,0.3371,0.34202,0.33313,0.33882,1119256.0
1750140000000,1750140000000,0.33882,0.3466,0.33013,0.34213,2936265.0
1750161600000,1750161600000,0.34213,0.34498,0.3322,0.33576,3340523.0
1750183200000,1750183200000,0.33576,0.34138,0.335,0.33518,997352.0
1750204800000,1750204800000,0.33518,0.34024,0.3317,0.33477,1441857.0
1750226400000,1750226400000,0.33477,0.33543,0.33154,0.33481,909539.0
1750248000000,1750248000000,0.33481,0.34954,0.32365,0.33558,5112759.0
1750269600000,1750269600000,0.33558,0.34156,0.33351,0.34014,1187340.0
1750291200000,1750291200000,0.34014,0.34178,0.33625,0.33724,758253.0
1750312800000,1750312800000,0.33724,0.34087,0.33405,0.3378,791823.0
1750334400000,1750334400000,0.3378,0.33831,0.33255,0.33434,700305.0
1750356000000,1750356000000,0.33434,0.33692,0.33166,0.33514,676148.0
1750377600000,1750377600000,0.33514,0.33596,0.3307,0.33148,544879.0
1750399200000,1750399200000,0.33148,0.33665,0.33012,0.33189,1279207.0
1750420800000,1750420800000,0.33189,0.33375,0.31786,0.32031,3119509.0
1750442400000,1750442400000,0.32031,0.3211,0.31846,0.31923,688510.0
1750464000000,1750464000000,0.31923,0.32799,0.31406,0.3199,2969564.0
1750485600000,1750485600000,0.3199,0.32007,0.31567,0.31673,779435.0
1750507200000,1750507200000,0.31673,0.31724,0.31257,0.31359,924953.0
1750528800000,1750528800000,0.31359,0.31538,0.31044,0.3144,1677682.0
1750550400000,1750550400000,0.3144,0.32151,0.31122,0.31756,2804410.0
1750572000000,1750572000000,0.31756,0.31966,0.31663,0.31693,854757.0
1750593600000,1750593600000,0.31693,0.32396,0.31305,0.31946,2365932.0
1750615200000,1750615200000,0.31946,0.32582,0.31723,0.32309,1386675.0
1750636800000,1750636800000,0.32309,0.32942,0.32122,0.32157,1404609.0
1750658400000,1750658400000,0.32157,0.32649,0.32014,0.3252,739934.0
1750680000000,1750680000000,0.3252,0.32625,0.31878,0.32301,1560267.0
1750701600000,1750701600000,0.32301,0.34199,0.32135,0.34132,1761889.0
1750723200000,1750723200000,0.34132,0.34847,0.34082,0.34466,1219154.0
1750744800000,1750744800000,0.34466,0.40448,0.34366,0.35866,7191484.0
1750766400000,1750766400000,0.35866,0.3752,0.35196,0.35453,3619013.0
1750788000000,1750788000000,0.35453,0.35984,0.35297,0.35763,734870.0
1750809600000,1750809600000,0.35763,0.36799,0.35563,0.36418,1228052.0
1750831200000,1750831200000,0.36418,0.37249,0.3629,0.36565,889672.0
1750852800000,1750852800000,0.36565,0.3677,0.3554,0.36447,1167295.0
1750874400000,1750874400000,0.36447,0.3657,0.35392,0.35648,743258.0
1750896000000,1750896000000,0.35648,0.36452,0.35564,0.363,582851.0
1750917600000,1750917600000,0.363,0.3669,0.35664,0.36286,535086.0
1750939200000,1750939200000,0.36286,0.36349,0.35461,0.3608,725202.0
1750960800000,1750960800000,0.3608,0.36295,0.35523,0.3568,387879.0
1750982400000,1750982400000,0.3568,0.37033,0.35459,0.35747,1298771.0
1751004000000,1751004000000,0.35747,0.35795,0.3528,0.35666,650261.0
1751025600000,1751025600000,0.35666,0.35851,0.35144,0.35325,461573.0
1751047200000,1751047200000,0.35325,0.35648,0.35108,0.35648,278761.0
1751068800000,1751068800000,0.35648,0.35661,0.34687,0.34734,567557.0
1751090400000,1751090400000,0.34734,0.34768,0.31918,0.3341,5713519.0
1751112000000,1751112000000,0.3341,0.33497,0.32004,0.32925,4397646.0
1751133600000,1751133600000,0.32925,0.33381,0.32595,0.3284,849442.0
1751155200000,1751155200000,0.3284,0.33131,0.32556,0.32908,1018526.0
1751176800000,1751176800000,0.32908,0.3549,0.32894,0.3497,3274443.0
1751198400000,1751198400000,0.3497,0.35321,0.34925,0.34994,649322.0
1751220000000,1751220000000,0.34994,0.36532,0.34923,0.36163,891427.0
1751241600000,1751241600000,0.36163,0.37273,0.35613,0.3593,1662382.0
1751263200000,1751263200000,0.3593,0.36228,0.34952,0.35499,1105972.0
1751284800000,1751284800000,0.35499,0.36059,0.35031,0.35937,1058874.0
1751306400000,1751306400000,0.35937,0.36215,0.35612,0.35814,558660.0
1751328000000,1751328000000,0.35814,0.36449,0.3577,0.36202,641885.0
1751349600000,1751349600000,0.36202,0.36202,0.3524,0.35511,625916.0
1751371200000,1751371200000,0.35511,0.35511,0.34733,0.34936,695929.0
1751392800000,1751392800000,0.34936,0.35559,0.3456,0.35445,379443.0
1751414400000,1751414400000,0.35445,0.35809,0.35366,0.35642,815869.0
1751436000000,1751436000000,0.35642,0.36804,0.35309,0.36377,1469497.0
1751457600000,1751457600000,0.36377,0.39456,0.36354,0.39455,3240749.0
1751479200000,1751479200000,0.39455,0.39675,0.38822,0.39298,455250.0
1751500800000,1751500800000,0.39298,0.4013,0.39054,0.39556,639621.0
1751522400000,1751522400000,0.39556,0.40599,0.3934,0.39622,692899.0
1751544000000,1751544000000,0.39622,0.43301,0.37876,0.40221,5983532.0
1751565600000,1751565600000,0.40221,0.41883,0.39614,0.40983,1499831.0
1751587200000,1751587200000,0.40983,0.41142,0.39916,0.39954,865270.0
1751608800000,1751608800000,0.39954,0.40159,0.38435,0.38964,1281354.0
1751630400000,1751630400000,0.38964,0.39702,0.38273,0.39438,1215709.0
1751652000000,1751652000000,0.39438,0.39691,0.38631,0.38808,478179.0
1751673600000,1751673600000,0.38808,0.39594,0.38754,0.38813,291503.0
1751695200000,1751695200000,0.38813,0.38813,0.37451,0.3809,719184.0
1751716800000,1751716800000,0.3809,0.38153,0.32457,0.32609,7197547.0
1751738400000,1751738400000,0.32609,0.35704,0.32161,0.33664,7749383.0
1751760000000,1751760000000,0.33664,0.33664,0.32178,0.32341,3730068.0
1751781600000,1751781600000,0.32341,0.369,0.3168,0.3581,11178121.0
1751803200000,1751803200000,0.3581,0.38358,0.35168,0.36625,5352825.0
1751824800000,1751824800000,0.36625,0.41,0.36568,0.39049,6715972.0
1751846400000,1751846400000,0.39049,0.40795,0.38975,0.40439,7942921.0
1751868000000,1751868000000,0.40439,0.41229,0.38382,0.39022,7234913.0
1751889600000,1751889600000,0.39022,0.39787,0.3693,0.36931,4589605.0
1751911200000,1751911200000,0.36931,0.38001,0.36727,0.37475,2360968.0
1751932800000,1751932800000,0.37475,0.37475,0.35582,0.35812,1963004.0
1751954400000,1751954400000,0.35812,0.3606,0.35502,0.35567,1451057.0
1751976000000,1751976000000,0.35567,0.37051,0.34658,0.36821,3577439.0
1751997600000,1751997600000,0.36821,0.36844,0.35661,0.35724,1173224.0
1752019200000,1752019200000,0.35724,0.36043,0.35166,0.35631,533680.0
1752040800000,1752040800000,0.35631,0.3692,0.35551,0.3629,595251.0
1752062400000,1752062400000,0.3629,0.36654,0.35574,0.36139,611675.0
1752084000000,1752084000000,0.36139,0.37933,0.36124,0.37039,1817746.0
1752105600000,1752105600000,0.37039,0.38646,0.37039,0.37754,789109.0
1752127200000,1752127200000,0.37754,0.38659,0.37448,0.38523,1166363.0
1752148800000,1752148800000,0.38523,0.41328,0.38433,0.40889,1976945.0
1752170400000,1752170400000,0.40889,0.42425,0.39917,0.40108,4083253.0
1752192000000,1752192000000,0.40108,0.44649,0.40096,0.44206,2237749.0
1752213600000,1752213600000,0.44206,0.51031,0.42918,0.49257,6310652.0
1752235200000,1752235200000,0.49257,0.54546,0.481,0.52848,10244533.0
1752256800000,1752256800000,0.52848,0.59358,0.52397,0.56471,11856794.0
1752278400000,1752278400000,0.56471,0.58908,0.53861,0.55218,11433088.0
1752300000000,1752300000000,0.55218,0.56042,0.52355,0.53705,5378478.0
1752321600000,1752321600000,0.53705,0.54172,0.51438,0.53527,3958987.0
1752343200000,1752343200000,0.53527,0.54843,0.53179,0.53832,1826564.0
1752364800000,1752364800000,0.53832,0.61428,0.47166,0.52497,16881400.0
1752386400000,1752386400000,0.52497,0.54404,0.50876,0.53116,3112071.0
1752408000000,1752408000000,0.53116,0.54181,0.50614,0.51315,3121356.0
1752429600000,1752429600000,0.51315,0.51401,0.47543,0.47645,2636996.0
1752451200000,1752451200000,0.47645,0.5115,0.47076,0.49548,2892998.0
1752472800000,1752472800000,0.49548,0.49548,0.4696,0.47972,1965528.0
1752494400000,1752494400000,0.47972,0.52353,0.45708,0.5124,6583604.0
1752516000000,1752516000000,0.5124,0.5199,0.50211,0.50429,1060781.0
1752537600000,1752537600000,0.50429,0.51973,0.48472,0.50078,1736016.0
1752559200000,1752559200000,0.50078,0.51324,0.48962,0.49865,1230757.0
1752580800000,1752580800000,0.49865,0.53039,0.49373,0.49805,2519184.0
1752602400000,1752602400000,0.49805,0.50877,0.4917,0.50633,687091.0
1752624000000,1752624000000,0.50633,0.5252,0.49783,0.50682,1079063.0
1752645600000,1752645600000,0.50682,0.51077,0.48547,0.49938,2049663.0
1752667200000,1752667200000,0.49938,0.50706,0.48905,0.50006,967188.0
1752688800000,1752688800000,0.50006,0.5014,0.48594,0.48786,886208.0
1752710400000,1752710400000,0.48786,0.50016,0.48228,0.49927,735997.0
1752732000000,1752732000000,0.49927,0.51364,0.49398,0.49637,1240937.0
1752753600000,1752753600000,0.49637,0.49988,0.47195,0.48964,1222931.0
1752775200000,1752775200000,0.48964,0.49732,0.48211,0.48577,447506.0
1752796800000,1752796800000,0.48577,0.51687,0.48272,0.50643,891103.0
1752818400000,1752818400000,0.50643,0.53155,0.49103,0.51337,1893111.0
1752840000000,1752840000000,0.51337,0.52039,0.48,0.50226,3713475.0
1752861600000,1752861600000,0.50226,0.51313,0.49644,0.51286,891374.0
1752883200000,1752883200000,0.51286,0.51389,0.49855,0.51106,672592.0
1752904800000,1752904800000,0.51106,0.51436,0.50338,0.50823,821646.0
1752926400000,1752926400000,0.50823,0.51339,0.50105,0.5082,926941.0
1752948000000,1752948000000,0.5082,0.51178,0.50588,0.50785,162011.0
1752969600000,1752969600000,0.50785,0.52379,0.50765,0.52008,1127156.0
1752991200000,1752991200000,0.52008,0.56721,0.5094,0.51536,4080532.0
1753012800000,1753012800000,0.51536,0.52581,0.50157,0.50928,1158403.0
1753034400000,1753034400000,0.50928,0.51242,0.50063,0.50367,709526.0
1753056000000,1753056000000,0.50367,0.51816,0.49854,0.50804,648074.0
1753077600000,1753077600000,0.50804,0.51436,0.4998,0.50241,880212.0
1753099200000,1753099200000,0.50241,0.52918,0.49922,0.52767,511751.0
1753120800000,1753120800000,0.52767,0.5526,0.52453,0.52598,1926712.0
1753142400000,1753142400000,0.52598,0.53494,0.52042,0.52445,923669.0
1753164000000,1753164000000,0.52445,0.54405,0.524,0.53917,693844.0
1753185600000,1753185600000,0.53917,0.54912,0.52984,0.54189,568178.0
1753207200000,1753207200000,0.54189,0.55595,0.53921,0.54372,686959.0
1753228800000,1753228800000,0.54372,0.5636,0.54324,0.54744,590012.0
1753250400000,1753250400000,0.54744,0.56228,0.53524,0.53621,588129.0
1753272000000,1753272000000,0.53621,0.54888,0.53256,0.54669,775658.0
1753293600000,1753293600000,0.54669,0.55568,0.53536,0.55206,556785.0
1753315200000,1753315200000,0.55206,0.55873,0.53504,0.53542,590755.0
1753336800000,1753336800000,0.53542,0.56347,0.53263,0.55989,1188027.0
1753358400000,1753358400000,0.55989,0.5917,0.54663,0.57653,2714322.0
1753380000000,1753380000000,0.57653,0.58659,0.57391,0.57761,642693.0
1753401600000,1753401600000,0.57761,0.591,0.561,0.58271,1443876.0
1753423200000,1753423200000,0.58271,0.60975,0.52266,0.57304,5497774.0
1753444800000,1753444800000,0.57304,0.57694,0.55735,0.57086,1005132.0
1753466400000,1753466400000,0.57086,0.58298,0.56961,0.57757,481945.0
1753488000000,1753488000000,0.57757,0.57931,0.55737,0.55788,589384.0
1753509600000,1753509600000,0.55788,0.55788,0.53744,0.54065,932483.0
1753531200000,1753531200000,0.54065,0.56304,0.53956,0.5431,913452.0
1753552800000,1753552800000,0.5431,0.55928,0.53456,0.55901,827498.0
1753574400000,1753574400000,0.55901,0.56028,0.4621,0.4925,6138930.0
1753596000000,1753596000000,0.4925,0.49433,0.47594,0.48159,1800297.0
1753617600000,1753617600000,0.48159,0.48714,0.46467,0.4705,3731579.0
1753639200000,1753639200000,0.4705,0.47937,0.44792,0.45,2830381.0
1753660800000,1753660800000,0.45,0.48639,0.4465,0.47477,2193789.0
1753682400000,1753682400000,0.47477,0.48403,0.46824,0.46935,1095152.0
1753704000000,1753704000000,0.46935,0.47754,0.45266,0.47006,1770740.0
1753725600000,1753725600000,0.47006,0.47074,0.46044,0.46792,544372.0
1753747200000,1753747200000,0.46792,0.47784,0.4567,0.47239,733845.0
1753768800000,1753768800000,0.47239,0.4749,0.46009,0.46622,680035.0
1753790400000,1753790400000,0.46622,0.53388,0.46187,0.52198,2983222.0
1753812000000,1753812000000,0.52198,0.54971,0.51416,0.54376,4060151.0
1753833600000,1753833600000,0.54376,0.551,0.50238,0.50631,4267574.0
1753855200000,1753855200000,0.50631,0.51232,0.50025,0.50429,1473357.0
1753876800000,1753876800000,0.50429,0.50792,0.49387,0.5037,1878842.0
1753898400000,1753898400000,0.5037,0.51855,0.49884,0.51415,632313.0
1753920000000,1753920000000,0.51415,0.52674,0.4994,0.51993,1548835.0
1753941600000,1753941600000,0.51993,0.53147,0.5159,0.52987,776151.0
1753963200000,1753963200000,0.52987,0.53017,0.51352,0.52265,792505.0
1753984800000,1753984800000,0.52265,0.52652,0.50622,0.50971,477547.0
1754006400000,1754006400000,0.50971,0.52294,0.49772,0.49829,622391.0
1754028000000,1754028000000,0.49829,0.50398,0.49036,0.49648,420014.0
1754049600000,1754049600000,0.49648,0.49802,0.48572,0.49305,434181.0
1754071200000,1754071200000,0.49305,0.51355,0.49256,0.49995,866469.0
1754092800000,1754092800000,0.49995,0.50473,0.49209,0.4942,613207.0
1754114400000,1754114400000,0.4942,0.49514,0.48341,0.49339,444964.0
1754136000000,1754136000000,0.49339,0.49736,0.46809,0.48028,988608.0
1754157600000,1754157600000,0.48028,0.4869,0.4773,0.47886,402265.0
1754179200000,1754179200000,0.47886,0.49414,0.47095,0.49008,418124.0
1754200800000,1754200800000,0.49008,0.50268,0.48834,0.49831,373926.0
1754222400000,1754222400000,0.49831,0.50089,0.49308,0.49647,229054.0
1754244000000,1754244000000,0.49647,0.50334,0.49214,0.50031,298000.0
1754265600000,1754265600000,0.50031,0.50401,0.49314,0.50181,643891.0
1754287200000,1754287200000,0.50181,0.50989,0.49486,0.50032,1162772.0
1754308800000,1754308800000,0.50032,0.50904,0.49853,0.50051,508283.0
1754330400000,1754330400000,0.50051,0.50618,0.50014,0.50267,229980.0
1754352000000,1754352000000,0.50267,0.50484,0.49454,0.49652,403831.0
1754373600000,1754373600000,0.49652,0.49926,0.48279,0.48396,546750.0
1754395200000,1754395200000,0.48396,0.48441,0.46754,0.46988,555204.0
1754416800000,1754416800000,0.46988,0.47238,0.46793,0.46851,227479.0
1754438400000,1754438400000,0.46851,0.47984,0.46675,0.47916,380770.0
1754460000000,1754460000000,0.47916,0.48226,0.47428,0.477,221088.0
1754481600000,1754481600000,0.477,0.4861,0.47491,0.4841,410095.0
1754503200000,1754503200000,0.4841,0.48506,0.47895,0.47917,163306.0
1754524800000,1754524800000,0.47917,0.48426,0.47259,0.48281,529228.0
1754546400000,1754546400000,0.48281,0.53832,0.48174,0.53108,1888632.0
1754568000000,1754568000000,0.53108,0.54627,0.52719,0.54353,1469131.0
1754589600000,1754589600000,0.54353,0.55976,0.53367,0.55247,1397254.0
1754611200000,1754611200000,0.55247,0.575,0.54754,0.57343,1188805.0
1754632800000,1754632800000,0.57343,0.6053,0.55338,0.56582,4051239.0
1754654400000,1754654400000,0.56582,0.57611,0.56044,0.5701,782980.0
1754676000000,1754676000000,0.5701,0.58346,0.56803,0.57422,824703.0
1754697600000,1754697600000,0.57422,0.58798,0.56956,0.58685,836417.0
1754719200000,1754719200000,0.58685,0.58685,0.57452,0.58319,811050.0
1754740800000,1754740800000,0.58319,0.59048,0.5721,0.58758,760588.0
1754762400000,1754762400000,0.58758,0.59929,0.58565,0.58837,575114.0
1754784000000,1754784000000,0.58837,0.61294,0.58816,0.60827,837632.0
1754805600000,1754805600000,0.60827,0.63957,0.60039,0.63616,2591982.0
1754827200000,1754827200000,0.63616,0.65928,0.62436,0.65252,2226765.0
1754848800000,1754848800000,0.65252,0.65465,0.6305,0.64869,1302489.0
1754870400000,1754870400000,0.64869,0.67874,0.64674,0.66452,1692048.0
1754892000000,1754892000000,0.66452,0.67948,0.65503,0.66186,1466471.0
1754913600000,1754913600000,0.66186,0.69347,0.63736,0.66963,2550887.0
1754935200000,1754935200000,0.66963,0.67327,0.65465,0.65817,936617.0
1754956800000,1754956800000,0.65817,0.68112,0.65738,0.6628,653644.0
1754978400000,1754978400000,0.6628,0.66475,0.62775,0.62851,1338632.0
1755000000000,1755000000000,0.62851,0.6447,0.61844,0.61956,1118983.0
1755021600000,1755021600000,0.61956,0.63748,0.60833,0.61428,979147.0
1755043200000,1755043200000,0.61428,0.65451,0.614,0.63561,1411221.0
1755064800000,1755064800000,0.63561,0.63947,0.61817,0.62062,764760.0
1755086400000,1755086400000,0.62062,0.63962,0.60068,0.60644,947345.0
1755108000000,1755108000000,0.60644,0.60943,0.598,0.60203,385411.0
1755129600000,1755129600000,0.60203,0.62363,0.58167,0.58215,1061508.0
1755151200000,1755151200000,0.58215,0.58668,0.55572,0.56078,1110455.0
1755172800000,1755172800000,0.56078,0.56667,0.55005,0.55407,910929.0
1755194400000,1755194400000,0.55407,0.55892,0.5465,0.54788,549292.0
1755216000000,1755216000000,0.54788,0.55654,0.54683,0.5487,426055.0
1755237600000,1755237600000,0.5487,0.55585,0.54675,0.55062,264624.0
1755259200000,1755259200000,0.55062,0.5521,0.51995,0.53038,945622.0
1755280800000,1755280800000,0.53038,0.53445,0.52767,0.53046,280286.0
1755302400000,1755302400000,0.53046,0.53559,0.52428,0.52626,258386.0
1755324000000,1755324000000,0.52626,0.53254,0.52049,0.52982,384684.0
1755345600000,1755345600000,0.52982,0.53034,0.51724,0.51874,504337.0
1755367200000,1755367200000,0.51874,0.52173,0.51442,0.51659,295149.0
1755388800000,1755388800000,0.51659,0.54505,0.51317,0.54177,970490.0
1755410400000,1755410400000,0.54177,0.56873,0.53971,0.5654,916797.0
1755432000000,1755432000000,0.5654,0.57555,0.55446,0.5582,634469.0
1755453600000,1755453600000,0.5582,0.5582,0.54394,0.5459,296944.0
1755475200000,1755475200000,0.5459,0.56814,0.53815,0.56502,1539949.0
1755496800000,1755496800000,0.56502,0.568,0.54188,0.54327,1008595.0
1755518400000,1755518400000,0.54327,0.5698,0.54108,0.56587,530428.0
1755540000000,1755540000000,0.56587,0.59,0.56297,0.57186,937114.0
1755561600000,1755561600000,0.57186,0.59282,0.5593,0.57232,1554139.0
1755583200000,1755583200000,0.57232,0.5867,0.56412,0.58246,558981.0
1755604800000,1755604800000,0.58246,0.58481,0.55706,0.56359,515104.0
1755626400000,1755626400000,0.56359,0.57448,0.5601,0.56792,203569.0
1755648000000,1755648000000,0.56792,0.5826,0.56162,0.57135,584424.0
1755669600000,1755669600000,0.57135,0.57715,0.56419,0.56943,322452.0
1755691200000,1755691200000,0.56943,0.58099,0.56492,0.57723,333018.0
1755712800000,1755712800000,0.57723,0.581,0.55943,0.56001,194892.0
1755734400000,1755734400000,0.56001,0.56877,0.55502,0.5592,238378.0
1755756000000,1755756000000,0.5592,0.56489,0.54541,0.5466,305455.0
1755777600000,1755777600000,0.5466,0.55222,0.53728,0.5407,465101.0
1755799200000,1755799200000,0.5407,0.54413,0.53635,0.54264,223562.0
1755820800000,1755820800000,0.54264,0.5682,0.51847,0.55354,3217189.0
1755842400000,1755842400000,0.55354,0.55898,0.54883,0.55444,609896.0
1755864000000,1755864000000,0.55444,0.56801,0.54135,0.55016,2759711.0
1755885600000,1755885600000,0.55016,0.59683,0.54087,0.57656,2291745.0
1755907200000,1755907200000,0.57656,0.58431,0.54366,0.55462,4911268.0
1755928800000,1755928800000,0.55462,0.56171,0.53179,0.53295,1687874.0
1755950400000,1755950400000,0.53295,0.54927,0.51941,0.53763,1238781.0
1755972000000,1755972000000,0.53763,0.57715,0.53479,0.5678,764283.0
1755993600000,1755993600000,0.5678,0.57427,0.55551,0.56104,1932785.0
1756015200000,1756015200000,0.56104,0.56104,0.52177,0.52916,1582733.0
1756036800000,1756036800000,0.52916,0.54734,0.52225,0.54651,1487081.0
1756058400000,1756058400000,0.54651,0.54797,0.52472,0.52605,562403.0
1756080000000,1756080000000,0.52605,0.56473,0.52239,0.55158,1327825.0
1756101600000,1756101600000,0.55158,0.56362,0.53529,0.56197,1076776.0
1756123200000,1756123200000,0.56197,0.56988,0.551,0.56737,1256302.0
1756144800000,1756144800000,0.56737,0.56838,0.55496,0.56143,892015.0
1756166400000,1756166400000,0.56143,0.56707,0.55289,0.55946,526710.0
1756188000000,1756188000000,0.55946,0.56724,0.55717,0.56425,305129.0
1756209600000,1756209600000,0.56425,0.5883,0.54385,0.55389,3323321.0
1756231200000,1756231200000,0.55389,0.58204,0.55114,0.57838,351375.0
1756252800000,1756252800000,0.57838,0.59911,0.57514,0.58998,648358.0
1756274400000,1756274400000,0.58998,0.60409,0.57682,0.58988,955118.0
1756296000000,1756296000000,0.58988,0.59874,0.57438,0.57773,701028.0
1756317600000,1756317600000,0.57773,0.58301,0.57323,0.57625,250312.0
1756339200000,1756339200000,0.57625,0.5775,0.5602,0.56179,568922.0
1756360800000,1756360800000,0.56179,0.58187,0.55321,0.58142,437724.0
1756382400000,1756382400000,0.58142,0.73406,0.58139,0.65852,8517881.0
1756404000000,1756404000000,0.65852,0.71727,0.65409,0.7147,2099153.0
1756425600000,1756425600000,0.7147,0.72974,0.65409,0.6862,3735704.0
1756447200000,1756447200000,0.6862,0.69156,0.67083,0.68681,2945570.0
1756468800000,1756468800000,0.68681,0.698,0.66321,0.67103,2200802.0
1756490400000,1756490400000,0.67103,0.67384,0.66031,0.66617,582960.0
1756512000000,1756512000000,0.66617,0.67884,0.66216,0.67592,489638.0
1756533600000,1756533600000,0.67592,0.69609,0.66856,0.68619,917441.0
1756555200000,1756555200000,0.68619,0.69495,0.68016,0.68767,560950.0
1756576800000,1756576800000,0.68767,0.70473,0.6875,0.69755,266703.0
1756598400000,1756598400000,0.69755,0.70143,0.68221,0.68795,720015.0
1756620000000,1756620000000,0.68795,0.69562,0.68094,0.69389,423730.0
1756641600000,1756641600000,0.69389,0.74457,0.69197,0.71537,3650290.0
1756663200000,1756663200000,0.71537,0.73296,0.71375,0.71603,625253.0
1756684800000,1756684800000,0.71603,0.73675,0.70924,0.71657,1475291.0
1756706400000,1756706400000,0.71657,0.73499,0.70441,0.70581,1033448.0
1756728000000,1756728000000,0.70581,0.70973,0.68427,0.69502,1030858.0
1756749600000,1756749600000,0.69502,0.6955,0.67047,0.68014,748624.0
1756771200000,1756771200000,0.68014,0.69275,0.66997,0.68781,625476.0
1756792800000,1756792800000,0.68781,0.69456,0.67712,0.68338,704097.0
1756814400000,1756814400000,0.68338,0.6883,0.65777,0.67395,1588173.0
1756836000000,1756836000000,0.67395,0.67829,0.66319,0.66442,312750.0
1756857600000,1756857600000,0.66442,0.68646,0.66424,0.6821,316919.0
1756879200000,1756879200000,0.6821,0.69202,0.67014,0.68592,415960.0
1756900800000,1756900800000,0.68592,0.68772,0.67532,0.68113,352649.0
1756922400000,1756922400000,0.68113,0.68192,0.66481,0.66797,165566.0
1756944000000,1756944000000,0.66797,0.68706,0.66564,0.66655,397155.0
1756965600000,1756965600000,0.66655,0.67427,0.64975,0.65804,429560.0
1756987200000,1756987200000,0.65804,0.66207,0.60457,0.6122,1713143.0
1757008800000,1757008800000,0.6122,0.61844,0.6078,0.61246,246055.0
1757030400000,1757030400000,0.61246,0.62088,0.60995,0.61127,350914.0
1757052000000,1757052000000,0.61127,0.61836,0.60958,0.61147,248221.0
1757073600000,1757073600000,0.61147,0.61306,0.58633,0.58662,564963.0
1757095200000,1757095200000,0.58662,0.6035,0.58293,0.59445,668257.0
1757116800000,1757116800000,0.59445,0.62082,0.5913,0.60908,755128.0
1757138400000,1757138400000,0.60908,0.6129,0.5997,0.60656,378587.0
1757160000000,1757160000000,0.60656,0.64348,0.59953,0.6349,1112148.0
1757181600000,1757181600000,0.6349,0.64011,0.62999,0.63519,203745.0
1757203200000,1757203200000,0.63519,0.64495,0.62978,0.64014,347053.0
1757224800000,1757224800000,0.64014,0.65452,0.63752,0.64896,386566.0
1757246400000,1757246400000,0.64896,0.6502,0.63453,0.63586,185966.0
1757268000000,1757268000000,0.63586,0.63644,0.61155,0.62118,578005.0
1757289600000,1757289600000,0.62118,0.64251,0.6209,0.6303,286775.0
1757311200000,1757311200000,0.6303,0.63348,0.62108,0.62986,278440.0
1757332800000,1757332800000,0.62986,0.63146,0.61361,0.62469,607735.0
1757354400000,1757354400000,0.62469,0.6364,0.62436,0.63401,179035.0
1757376000000,1757376000000,0.63401,0.64279,0.61498,0.62334,425068.0
1757397600000,1757397600000,0.62334,0.64338,0.6153,0.61786,534652.0
1757419200000,1757419200000,0.61786,0.61995,0.58862,0.59334,424326.0
1757440800000,1757440800000,0.59334,0.59999,0.59119,0.59937,150921.0
1757462400000,1757462400000,0.59937,0.6025,0.59458,0.59879,197112.0
1757484000000,1757484000000,0.59879,0.60082,0.58725,0.591,219401.0
1757505600000,1757505600000,0.591,0.5974,0.58764,0.59251,265863.0
1757527200000,1757527200000,0.59251,0.6029,0.58784,0.60281,103129.0
1757548800000,1757548800000,0.60281,0.60281,0.55551,0.56619,832801.0
1757570400000,1757570400000,0.56619,0.57402,0.55358,0.56884,793840.0
1757592000000,1757592000000,0.56884,0.57016,0.52294,0.53925,1691271.0
1757613600000,1757613600000,0.53925,0.56107,0.52607,0.55845,879982.0
1757635200000,1757635200000,0.55845,0.55902,0.54047,0.54094,275898.0
1757656800000,1757656800000,0.54094,0.55065,0.53916,0.53989,273440.0
1757678400000,1757678400000,0.53989,0.54551,0.53636,0.54,423780.0
1757700000000,1757700000000,0.54,0.5553,0.53945,0.54619,354385.0
1757721600000,1757721600000,0.54619,0.54805,0.54201,0.54477,158758.0
1757743200000,1757743200000,0.54477,0.55692,0.5416,0.55499,145396.0
1757764800000,1757764800000,0.55499,0.55763,0.526,0.5301,478528.0
1757786400000,1757786400000,0.5301,0.54759,0.52246,0.54703,332539.0
1757808000000,1757808000000,0.54703,0.56485,0.54619,0.56373,437349.0
1757829600000,1757829600000,0.56373,0.56473,0.52176,0.52385,938150.0
1757851200000,1757851200000,0.52385,0.54057,0.52385,0.53659,308300.0
1757872800000,1757872800000,0.53659,0.54391,0.52872,0.53483,207113.0
1757894400000,1757894400000,0.53483,0.54328,0.53328,0.5421,107565.0
1757916000000,1757916000000,0.5421,0.55389,0.52673,0.53018,556089.0
1757937600000,1757937600000,0.53018,0.5373,0.52713,0.53476,191771.0
1757959200000,1757959200000,0.53476,0.54042,0.52904,0.5372,128536.0
1757980800000,1757980800000,0.5372,0.5372,0.50954,0.52314,655981.0
1758002400000,1758002400000,0.52314,0.53828,0.52252,0.53718,258502.0
1758024000000,1758024000000,0.53718,0.54843,0.53324,0.54074,886517.0
1758045600000,1758045600000,0.54074,0.55625,0.5382,0.55178,320623.0
1758067200000,1758067200000,0.55178,0.55194,0.54135,0.54371,121663.0
1758088800000,1758088800000,0.54371,0.5475,0.53052,0.53195,214328.0
1758110400000,1758110400000,0.53195,0.53454,0.52696,0.5298,272962.0
1758132000000,1758132000000,0.5298,0.55827,0.52534,0.54085,457636.0
1758153600000,1758153600000,0.54085,0.54264,0.50872,0.5097,506844.0
1758175200000,1758175200000,0.5097,0.51692,0.49941,0.50256,1249036.0
1758196800000,1758196800000,0.50256,0.50919,0.49818,0.5034,453394.0
1758218400000,1758218400000,0.5034,0.50543,0.49048,0.49311,566344.0
1758240000000,1758240000000,0.49311,0.49876,0.4763,0.49681,712907.0
1758261600000,1758261600000,0.49681,0.49787,0.48239,0.49187,381865.0
1758283200000,1758283200000,0.49187,0.50338,0.48798,0.48893,329331.0
1758304800000,1758304800000,0.48893,0.50122,0.48893,0.5004,158086.0
1758326400000,1758326400000,0.5004,0.5091,0.49903,0.49983,394374.0
1758348000000,1758348000000,0.49983,0.50071,0.48459,0.48681,322469.0
1758369600000,1758369600000,0.48681,0.49433,0.48298,0.48691,136735.0
1758391200000,1758391200000,0.48691,0.49118,0.47839,0.48694,410374.0
1758412800000,1758412800000,0.48694,0.50787,0.48311,0.48937,716033.0
1758434400000,1758434400000,0.48937,0.49693,0.47639,0.48002,451625.0
1758456000000,1758456000000,0.48002,0.48514,0.38556,0.42992,5690110.0
1758477600000,1758477600000,0.42992,0.44302,0.42578,0.43602,1174565.0
1758499200000,1758499200000,0.43602,0.43894,0.40476,0.40616,1780778.0
1758520800000,1758520800000,0.40616,0.44561,0.39144,0.42177,1924163.0
1758542400000,1758542400000,0.42177,0.42573,0.38331,0.39846,1180474.0
1758564000000,1758564000000,0.39846,0.40294,0.38612,0.38836,476950.0
1758585600000,1758585600000,0.38836,0.39016,0.37911,0.38295,421823.0
1758607200000,1758607200000,0.38295,0.3839,0.34479,0.3544,1793528.0
1758628800000,1758628800000,0.3544,0.36553,0.34343,0.3483,2025650.0
1758650400000,1758650400000,0.3483,0.35366,0.34272,0.35323,523786.0
1758672000000,1758672000000,0.35323,0.35662,0.33922,0.34736,672493.0
1758693600000,1758693600000,0.34736,0.35412,0.34348,0.34849,1011342.0
1758715200000,1758715200000,0.34849,0.3597,0.34847,0.35474,336103.0
1758736800000,1758736800000,0.35474,0.35519,0.32601,0.34327,1188554.0
1758758400000,1758758400000,0.34327,0.34367,0.32171,0.32691,783569.0
1758780000000,1758780000000,0.32691,0.32912,0.31384,0.3235,1138887.0
1758801600000,1758801600000,0.3235,0.32813,0.31739,0.31994,827450.0
1758823200000,1758823200000,0.31994,0.32278,0.31384,0.31743,428932.0
1758844800000,1758844800000,0.31743,0.32864,0.31743,0.32105,683188.0
1758866400000,1758866400000,0.32105,0.32575,0.3172,0.31743,416393.0
1758888000000,1758888000000,0.31743,0.32325,0.31265,0.31511,580656.0
1758909600000,1758909600000,0.31511,0.31511,0.30958,0.31329,398889.0
1758931200000,1758931200000,0.31329,0.31527,0.30869,0.3098,398223.0
1758952800000,1758952800000,0.3098,0.38407,0.3087,0.37788,6383646.0
1758974400000,1758974400000,0.37788,0.38909,0.34898,0.37334,6418956.0
1758996000000,1758996000000,0.37334,0.37882,0.28665,0.29684,9182477.0
1759017600000,1759017600000,0.29684,0.30023,0.2763,0.28908,2016962.0
1759039200000,1759039200000,0.28908,0.29757,0.2748,0.28469,1963253.0
1759060800000,1759060800000,0.28469,0.29111,0.28054,0.28498,1623581.0
1759082400000,1759082400000,0.28498,0.28684,0.26115,0.26793,3731947.0
1759104000000,1759104000000,0.26793,0.27028,0.26006,0.26458,1572948.0
1759125600000,1759125600000,0.26458,0.26873,0.25751,0.2605,1152991.0
1759147200000,1759147200000,0.2605,0.29929,0.25423,0.29801,4246577.0
1759168800000,1759168800000,0.29801,0.30862,0.28328,0.29549,3146713.0
1759190400000,1759190400000,0.29549,0.31298,0.29366,0.29555,5526917.0
1759212000000,1759212000000,0.29555,0.30496,0.28946,0.29586,4607565.0
1759233600000,1759233600000,0.29586,0.30226,0.28796,0.30012,3545790.0
1759255200000,1759255200000,0.30012,0.30736,0.29785,0.30329,891729.0
1759276800000,1759276800000,0.30329,0.30907,0.29713,0.30718,898618.0
1759298400000,1759298400000,0.30718,0.30893,0.2917,0.29814,1228868.0
1759320000000,1759320000000,0.29814,0.30356,0.29635,0.30198,563700.0
1759341600000,1759341600000,0.30198,0.30479,0.29271,0.29441,570747.0
1759363200000,1759363200000,0.29441,0.29487,0.2837,0.28945,903451.0
1759384800000,1759384800000,0.28945,0.29671,0.28757,0.29654,364618.0
1759406400000,1759406400000,0.29654,0.29876,0.28332,0.29504,673094.0
1759428000000,1759428000000,0.29504,0.30213,0.29185,0.29829,468159.0
1759449600000,1759449600000,0.29829,0.30724,0.29432,0.30718,290608.0
1759471200000,1759471200000,0.30718,0.31,0.29882,0.30607,487748.0
1759492800000,1759492800000,0.30607,0.33719,0.30538,0.33075,2866493.0
1759514400000,1759514400000,0.33075,0.33992,0.32734,0.32872,1289499.0
1759536000000,1759536000000,0.32872,0.33021,0.31578,0.31917,1169929.0
1759557600000,1759557600000,0.31917,0.32737,0.29135,0.29462,1822463.0
1759579200000,1759579200000,0.29462,0.29666,0.28286,0.28548,1803778.0
1759600800000,1759600800000,0.28548,0.28993,0.28326,0.28621,613441.0
1759622400000,1759622400000,0.28621,0.28683,0.27791,0.28099,1515932.0
1759644000000,1759644000000,0.28099,0.28436,0.26521,0.26866,3168372.0
1759665600000,1759665600000,0.26866,0.29053,0.26647,0.28822,2142096.0
1759687200000,1759687200000,0.28822,0.29644,0.28105,0.29164,1294079.0
1759708800000,1759708800000,0.29164,0.29415,0.28844,0.29242,545398.0
1759730400000,1759730400000,0.29242,0.30703,0.2899,0.30663,1119417.0
1759752000000,1759752000000,0.30663,0.32224,0.29816,0.30094,2168973.0
1759773600000,1759773600000,0.30094,0.30236,0.29151,0.29244,734685.0
1759795200000,1759795200000,0.29244,0.29527,0.28575,0.28692,514457.0
1759816800000,1759816800000,0.28692,0.29439,0.2855,0.28788,530368.0
1759838400000,1759838400000,0.28788,0.29216,0.26724,0.26872,1228188.0
1759860000000,1759860000000,0.26872,0.26872,0.25721,0.25956,986355.0
1759881600000,1759881600000,0.25956,0.26022,0.25001,0.25471,1682315.0
1759903200000,1759903200000,0.25471,0.26058,0.25023,0.25161,600370.0
1759924800000,1759924800000,0.25161,0.25274,0.24014,0.24112,1886152.0
1759946400000,1759946400000,0.24112,0.25308,0.23546,0.24533,1596539.0
1759968000000,1759968000000,0.24533,0.25353,0.23863,0.25179,754146.0
1759989600000,1759989600000,0.25179,0.26008,0.24446,0.25538,852671.0
1760011200000,1760011200000,0.25538,0.2602,0.25055,0.25391,829676.0
1760032800000,1760032800000,0.25391,0.25535,0.24611,0.24749,378084.0
1760054400000,1760054400000,0.24749,0.25005,0.24258,0.24638,447283.0
1760076000000,1760076000000,0.24638,0.24652,0.21848,0.22423,2378085.0
1760097600000,1760097600000,0.22423,0.22692,0.21052,0.21129,2106773.0
1760119200000,1760119200000,0.21129,0.21259,0.06294,0.16621,9519901.0
1760140800000,1760140800000,0.16621,0.18721,0.15687,0.18082,3750859.0
1760162400000,1760162400000,0.18082,0.18355,0.16604,0.17777,1867480.0
1760184000000,1760184000000,0.17777,0.18862,0.17759,0.18614,1172664.0
1760205600000,1760205600000,0.18614,0.18614,0.16722,0.17456,1425223.0
1760227200000,1760227200000,0.17456,0.1797,0.16899,0.17333,1239669.0
1760248800000,1760248800000,0.17333,0.17533,0.16606,0.17194,723929.0
1760270400000,1760270400000,0.17194,0.17818,0.16871,0.17292,2225319.0
1760292000000,1760292000000,0.17292,0.17564,0.16676,0.16921,1590730.0
1760313600000,1760313600000,0.16921,0.22837,0.16811,0.2024,12741658.0
1760335200000,1760335200000,0.2024,0.26021,0.20231,0.21784,14615010.0
1760356800000,1760356800000,0.21784,0.22473,0.2068,0.21418,3319416.0
1760378400000,1760378400000,0.21418,0.21664,0.20768,0.21626,1509230.0
1760400000000,1760400000000,0.21626,0.21626,0.19135,0.19292,3360235.0
1760421600000,1760421600000,0.19292,0.19633,0.18393,0.18672,2057634.0
1760443200000,1760443200000,0.18672,0.21635,0.18342,0.2044,2678033.0
1760464800000,1760464800000,0.2044,0.20842,0.20069,0.2008,644515.0
1760486400000,1760486400000,0.2008,0.20923,0.19202,0.19754,2392262.0
1760508000000,1760508000000,0.19754,0.19977,0.19235,0.19392,818429.0
1760529600000,1760529600000,0.19392,0.19518,0.18815,0.18937,1363721.0
1760551200000,1760551200000,0.18937,0.18964,0.18043,0.18253,1040055.0
1760572800000,1760572800000,0.18253,0.18676,0.18095,0.18358,998178.0
1760594400000,1760594400000,0.18358,0.18835,0.17398,0.18585,1707969.0
1760616000000,1760616000000,0.18585,0.18669,0.17377,0.1775,1806868.0
1760637600000,1760637600000,0.1775,0.17759,0.17193,0.17463,891804.0
1760659200000,1760659200000,0.17463,0.18128,0.17444,0.17914,333034.0
1760680800000,1760680800000,0.17914,0.18025,0.16621,0.17415,1951173.0
1760702400000,1760702400000,0.17415,0.17415,0.1662,0.17084,988599.0
1760724000000,1760724000000,0.17084,0.17201,0.16835,0.16891,279314.0
1760745600000,1760745600000,0.16891,0.17541,0.16823,0.17356,270150.0
1760767200000,1760767200000,0.17356,0.20324,0.1729,0.1791,4385169.0
1760788800000,1760788800000,0.1791,0.17988,0.16975,0.1729,943634.0
1760810400000,1760810400000,0.1729,0.17325,0.1691,0.17171,459359.0
1760832000000,1760832000000,0.17171,0.17255,0.16901,0.1703,279109.0
1760853600000,1760853600000,0.1703,0.1712,0.16246,0.16639,1349931.0
1760875200000,1760875200000,0.16639,0.17411,0.16546,0.17325,1752899.0
1760896800000,1760896800000,0.17325,0.17934,0.1688,0.1699,1293881.0
1760918400000,1760918400000,0.1699,0.17375,0.1667,0.16938,742269.0
1760940000000,1760940000000,0.16938,0.17948,0.16006,0.16109,2825423.0
1760961600000,1760961600000,0.16109,0.16192,0.15464,0.1556,1434316.0
1760983200000,1760983200000,0.1556,0.1613,0.15321,0.15715,639605.0
1761004800000,1761004800000,0.15715,0.16235,0.15683,0.15896,1173561.0
1761026400000,1761026400000,0.15896,0.16343,0.15741,0.159,1312647.0
1761048000000,1761048000000,0.159,0.16358,0.15576,0.15608,1137599.0
1761069600000,1761069600000,0.15608,0.15738,0.1463,0.14869,1077511.0
1761091200000,1761091200000,0.14869,0.16079,0.14847,0.15082,2342546.0
1761112800000,1761112800000,0.15082,0.15649,0.15001,0.15425,720963.0
1761134400000,1761134400000,0.15425,0.16212,0.15346,0.15929,1501487.0
1761156000000,1761156000000,0.15929,0.16114,0.15164,0.15526,820783.0
1761177600000,1761177600000,0.15526,0.15549,0.15132,0.15283,331461.0
1761199200000,1761199200000,0.15283,0.16661,0.15245,0.16364,1946362.0
1761220800000,1761220800000,0.16364,0.18064,0.16085,0.17846,3907203.0
1761242400000,1761242400000,0.17846,0.17846,0.16675,0.16969,1265790.0
1761264000000,1761264000000,0.16969,0.17578,0.16303,0.17191,1406501.0
1761285600000,1761285600000,0.17191,0.17191,0.16421,0.16649,956722.0
1761307200000,1761307200000,0.16649,0.16981,0.15265,0.15808,2046209.0
1761328800000,1761328800000,0.15808,0.16596,0.1577,0.16439,1052064.0
1761350400000,1761350400000,0.16439,0.17424,0.16383,0.16962,1334767.0
1761372000000,1761372000000,0.16962,0.1722,0.16813,0.16839,640917.0
1761393600000,1761393600000,0.16839,0.17133,0.16706,0.16866,553585.0
1761415200000,1761415200000,0.16866,0.16964,0.1677,0.16933,230787.0
1761436800000,1761436800000,0.16933,0.17499,0.1671,0.1729,805296.0
1761458400000,1761458400000,0.1729,0.17712,0.17038,0.17401,1004608.0
1761480000000,1761480000000,0.17401,0.18132,0.17232,0.17997,637111.0
1761501600000,1761501600000,0.17997,0.19298,0.17997,0.1865,2708074.0
1761523200000,1761523200000,0.1865,0.19065,0.18361,0.18609,1339216.0
1761544800000,1761544800000,0.18609,0.19434,0.18049,0.18298,2986905.0
1761566400000,1761566400000,0.18298,0.20011,0.1773,0.19126,2592756.0
1761588000000,1761588000000,0.19126,0.19485,0.18614,0.19044,1068126.0
1761609600000,1761609600000,0.19044,0.19601,0.18851,0.19065,568557.0
